
Time: 0
Waiting clients: (3,10,4)(11,11,8)(28,11,8)(42,11,7)(74,11,6)(21,12,3)(45,12,5)(55,12,6)(5,13,3)(7,13,3)(20,13,6)(93,13,4)(33,14,3)(64,14,5)(72,14,6)(83,14,7)(89,14,4)(31,15,4)(88,15,6)(36,16,8)(43,16,4)(49,16,8)(54,16,7)(69,16,4)(19,17,8)(62,17,7)(63,17,3)(67,17,5)(75,17,4)(27,18,3)(40,18,8)(82,18,4)(37,19,5)(44,19,3)(80,19,4)(13,20,3)(14,20,6)(79,20,8)(94,20,7)(23,21,4)(41,21,4)(17,22,8)(18,22,3)(30,22,5)(22,23,3)(35,23,5)(50,23,7)(73,23,6)(8,24,7)(53,24,8)(70,24,4)(97,24,4)(24,25,8)(1,26,7)(96,26,4)(47,27,7)(71,27,8)(15,28,8)(52,28,7)(57,28,8)(59,28,5)(84,28,3)(58,29,5)(61,29,3)(66,29,7)(92,29,6)(9,30,4)(34,30,7)(68,30,3)(86,30,8)(90,30,3)(91,30,3)(99,30,3)(2,31,3)(25,31,8)(48,31,5)(87,31,7)(10,32,7)(16,32,8)(39,32,5)(95,32,6)(100,32,5)(12,33,3)(29,33,7)(32,33,4)(56,33,8)(85,33,7)(38,34,8)(78,34,5)(81,34,4)(51,35,4)(6,36,5)(46,36,4)(65,36,6)(98,36,7)(77,37,5)(4,38,6)(26,38,7)(60,38,8)(76,38,8)
Queue 1:  closed
Queue 2:  closed
Queue 3:  closed
Queue 4:  closed
Queue 5:  closed
Queue 6:  closed
Queue 7:  closed
Queue 8:  closed
Queue 9:  closed
Queue 10:  closed

Time: 1
Waiting clients: (3,10,4)(11,11,8)(28,11,8)(42,11,7)(74,11,6)(21,12,3)(45,12,5)(55,12,6)(5,13,3)(7,13,3)(20,13,6)(93,13,4)(33,14,3)(64,14,5)(72,14,6)(83,14,7)(89,14,4)(31,15,4)(88,15,6)(36,16,8)(43,16,4)(49,16,8)(54,16,7)(69,16,4)(19,17,8)(62,17,7)(63,17,3)(67,17,5)(75,17,4)(27,18,3)(40,18,8)(82,18,4)(37,19,5)(44,19,3)(80,19,4)(13,20,3)(14,20,6)(79,20,8)(94,20,7)(23,21,4)(41,21,4)(17,22,8)(18,22,3)(30,22,5)(22,23,3)(35,23,5)(50,23,7)(73,23,6)(8,24,7)(53,24,8)(70,24,4)(97,24,4)(24,25,8)(1,26,7)(96,26,4)(47,27,7)(71,27,8)(15,28,8)(52,28,7)(57,28,8)(59,28,5)(84,28,3)(58,29,5)(61,29,3)(66,29,7)(92,29,6)(9,30,4)(34,30,7)(68,30,3)(86,30,8)(90,30,3)(91,30,3)(99,30,3)(2,31,3)(25,31,8)(48,31,5)(87,31,7)(10,32,7)(16,32,8)(39,32,5)(95,32,6)(100,32,5)(12,33,3)(29,33,7)(32,33,4)(56,33,8)(85,33,7)(38,34,8)(78,34,5)(81,34,4)(51,35,4)(6,36,5)(46,36,4)(65,36,6)(98,36,7)(77,37,5)(4,38,6)(26,38,7)(60,38,8)(76,38,8)
Queue 1:  closed
Queue 2:  closed
Queue 3:  closed
Queue 4:  closed
Queue 5:  closed
Queue 6:  closed
Queue 7:  closed
Queue 8:  closed
Queue 9:  closed
Queue 10:  closed

Time: 2
Waiting clients: (3,10,4)(11,11,8)(28,11,8)(42,11,7)(74,11,6)(21,12,3)(45,12,5)(55,12,6)(5,13,3)(7,13,3)(20,13,6)(93,13,4)(33,14,3)(64,14,5)(72,14,6)(83,14,7)(89,14,4)(31,15,4)(88,15,6)(36,16,8)(43,16,4)(49,16,8)(54,16,7)(69,16,4)(19,17,8)(62,17,7)(63,17,3)(67,17,5)(75,17,4)(27,18,3)(40,18,8)(82,18,4)(37,19,5)(44,19,3)(80,19,4)(13,20,3)(14,20,6)(79,20,8)(94,20,7)(23,21,4)(41,21,4)(17,22,8)(18,22,3)(30,22,5)(22,23,3)(35,23,5)(50,23,7)(73,23,6)(8,24,7)(53,24,8)(70,24,4)(97,24,4)(24,25,8)(1,26,7)(96,26,4)(47,27,7)(71,27,8)(15,28,8)(52,28,7)(57,28,8)(59,28,5)(84,28,3)(58,29,5)(61,29,3)(66,29,7)(92,29,6)(9,30,4)(34,30,7)(68,30,3)(86,30,8)(90,30,3)(91,30,3)(99,30,3)(2,31,3)(25,31,8)(48,31,5)(87,31,7)(10,32,7)(16,32,8)(39,32,5)(95,32,6)(100,32,5)(12,33,3)(29,33,7)(32,33,4)(56,33,8)(85,33,7)(38,34,8)(78,34,5)(81,34,4)(51,35,4)(6,36,5)(46,36,4)(65,36,6)(98,36,7)(77,37,5)(4,38,6)(26,38,7)(60,38,8)(76,38,8)
Queue 1:  closed
Queue 2:  closed
Queue 3:  closed
Queue 4:  closed
Queue 5:  closed
Queue 6:  closed
Queue 7:  closed
Queue 8:  closed
Queue 9:  closed
Queue 10:  closed

Time: 3
Waiting clients: (3,10,4)(11,11,8)(28,11,8)(42,11,7)(74,11,6)(21,12,3)(45,12,5)(55,12,6)(5,13,3)(7,13,3)(20,13,6)(93,13,4)(33,14,3)(64,14,5)(72,14,6)(83,14,7)(89,14,4)(31,15,4)(88,15,6)(36,16,8)(43,16,4)(49,16,8)(54,16,7)(69,16,4)(19,17,8)(62,17,7)(63,17,3)(67,17,5)(75,17,4)(27,18,3)(40,18,8)(82,18,4)(37,19,5)(44,19,3)(80,19,4)(13,20,3)(14,20,6)(79,20,8)(94,20,7)(23,21,4)(41,21,4)(17,22,8)(18,22,3)(30,22,5)(22,23,3)(35,23,5)(50,23,7)(73,23,6)(8,24,7)(53,24,8)(70,24,4)(97,24,4)(24,25,8)(1,26,7)(96,26,4)(47,27,7)(71,27,8)(15,28,8)(52,28,7)(57,28,8)(59,28,5)(84,28,3)(58,29,5)(61,29,3)(66,29,7)(92,29,6)(9,30,4)(34,30,7)(68,30,3)(86,30,8)(90,30,3)(91,30,3)(99,30,3)(2,31,3)(25,31,8)(48,31,5)(87,31,7)(10,32,7)(16,32,8)(39,32,5)(95,32,6)(100,32,5)(12,33,3)(29,33,7)(32,33,4)(56,33,8)(85,33,7)(38,34,8)(78,34,5)(81,34,4)(51,35,4)(6,36,5)(46,36,4)(65,36,6)(98,36,7)(77,37,5)(4,38,6)(26,38,7)(60,38,8)(76,38,8)
Queue 1:  closed
Queue 2:  closed
Queue 3:  closed
Queue 4:  closed
Queue 5:  closed
Queue 6:  closed
Queue 7:  closed
Queue 8:  closed
Queue 9:  closed
Queue 10:  closed

Time: 4
Waiting clients: (3,10,4)(11,11,8)(28,11,8)(42,11,7)(74,11,6)(21,12,3)(45,12,5)(55,12,6)(5,13,3)(7,13,3)(20,13,6)(93,13,4)(33,14,3)(64,14,5)(72,14,6)(83,14,7)(89,14,4)(31,15,4)(88,15,6)(36,16,8)(43,16,4)(49,16,8)(54,16,7)(69,16,4)(19,17,8)(62,17,7)(63,17,3)(67,17,5)(75,17,4)(27,18,3)(40,18,8)(82,18,4)(37,19,5)(44,19,3)(80,19,4)(13,20,3)(14,20,6)(79,20,8)(94,20,7)(23,21,4)(41,21,4)(17,22,8)(18,22,3)(30,22,5)(22,23,3)(35,23,5)(50,23,7)(73,23,6)(8,24,7)(53,24,8)(70,24,4)(97,24,4)(24,25,8)(1,26,7)(96,26,4)(47,27,7)(71,27,8)(15,28,8)(52,28,7)(57,28,8)(59,28,5)(84,28,3)(58,29,5)(61,29,3)(66,29,7)(92,29,6)(9,30,4)(34,30,7)(68,30,3)(86,30,8)(90,30,3)(91,30,3)(99,30,3)(2,31,3)(25,31,8)(48,31,5)(87,31,7)(10,32,7)(16,32,8)(39,32,5)(95,32,6)(100,32,5)(12,33,3)(29,33,7)(32,33,4)(56,33,8)(85,33,7)(38,34,8)(78,34,5)(81,34,4)(51,35,4)(6,36,5)(46,36,4)(65,36,6)(98,36,7)(77,37,5)(4,38,6)(26,38,7)(60,38,8)(76,38,8)
Queue 1:  closed
Queue 2:  closed
Queue 3:  closed
Queue 4:  closed
Queue 5:  closed
Queue 6:  closed
Queue 7:  closed
Queue 8:  closed
Queue 9:  closed
Queue 10:  closed

Time: 5
Waiting clients: (3,10,4)(11,11,8)(28,11,8)(42,11,7)(74,11,6)(21,12,3)(45,12,5)(55,12,6)(5,13,3)(7,13,3)(20,13,6)(93,13,4)(33,14,3)(64,14,5)(72,14,6)(83,14,7)(89,14,4)(31,15,4)(88,15,6)(36,16,8)(43,16,4)(49,16,8)(54,16,7)(69,16,4)(19,17,8)(62,17,7)(63,17,3)(67,17,5)(75,17,4)(27,18,3)(40,18,8)(82,18,4)(37,19,5)(44,19,3)(80,19,4)(13,20,3)(14,20,6)(79,20,8)(94,20,7)(23,21,4)(41,21,4)(17,22,8)(18,22,3)(30,22,5)(22,23,3)(35,23,5)(50,23,7)(73,23,6)(8,24,7)(53,24,8)(70,24,4)(97,24,4)(24,25,8)(1,26,7)(96,26,4)(47,27,7)(71,27,8)(15,28,8)(52,28,7)(57,28,8)(59,28,5)(84,28,3)(58,29,5)(61,29,3)(66,29,7)(92,29,6)(9,30,4)(34,30,7)(68,30,3)(86,30,8)(90,30,3)(91,30,3)(99,30,3)(2,31,3)(25,31,8)(48,31,5)(87,31,7)(10,32,7)(16,32,8)(39,32,5)(95,32,6)(100,32,5)(12,33,3)(29,33,7)(32,33,4)(56,33,8)(85,33,7)(38,34,8)(78,34,5)(81,34,4)(51,35,4)(6,36,5)(46,36,4)(65,36,6)(98,36,7)(77,37,5)(4,38,6)(26,38,7)(60,38,8)(76,38,8)
Queue 1:  closed
Queue 2:  closed
Queue 3:  closed
Queue 4:  closed
Queue 5:  closed
Queue 6:  closed
Queue 7:  closed
Queue 8:  closed
Queue 9:  closed
Queue 10:  closed

Time: 6
Waiting clients: (3,10,4)(11,11,8)(28,11,8)(42,11,7)(74,11,6)(21,12,3)(45,12,5)(55,12,6)(5,13,3)(7,13,3)(20,13,6)(93,13,4)(33,14,3)(64,14,5)(72,14,6)(83,14,7)(89,14,4)(31,15,4)(88,15,6)(36,16,8)(43,16,4)(49,16,8)(54,16,7)(69,16,4)(19,17,8)(62,17,7)(63,17,3)(67,17,5)(75,17,4)(27,18,3)(40,18,8)(82,18,4)(37,19,5)(44,19,3)(80,19,4)(13,20,3)(14,20,6)(79,20,8)(94,20,7)(23,21,4)(41,21,4)(17,22,8)(18,22,3)(30,22,5)(22,23,3)(35,23,5)(50,23,7)(73,23,6)(8,24,7)(53,24,8)(70,24,4)(97,24,4)(24,25,8)(1,26,7)(96,26,4)(47,27,7)(71,27,8)(15,28,8)(52,28,7)(57,28,8)(59,28,5)(84,28,3)(58,29,5)(61,29,3)(66,29,7)(92,29,6)(9,30,4)(34,30,7)(68,30,3)(86,30,8)(90,30,3)(91,30,3)(99,30,3)(2,31,3)(25,31,8)(48,31,5)(87,31,7)(10,32,7)(16,32,8)(39,32,5)(95,32,6)(100,32,5)(12,33,3)(29,33,7)(32,33,4)(56,33,8)(85,33,7)(38,34,8)(78,34,5)(81,34,4)(51,35,4)(6,36,5)(46,36,4)(65,36,6)(98,36,7)(77,37,5)(4,38,6)(26,38,7)(60,38,8)(76,38,8)
Queue 1:  closed
Queue 2:  closed
Queue 3:  closed
Queue 4:  closed
Queue 5:  closed
Queue 6:  closed
Queue 7:  closed
Queue 8:  closed
Queue 9:  closed
Queue 10:  closed

Time: 7
Waiting clients: (3,10,4)(11,11,8)(28,11,8)(42,11,7)(74,11,6)(21,12,3)(45,12,5)(55,12,6)(5,13,3)(7,13,3)(20,13,6)(93,13,4)(33,14,3)(64,14,5)(72,14,6)(83,14,7)(89,14,4)(31,15,4)(88,15,6)(36,16,8)(43,16,4)(49,16,8)(54,16,7)(69,16,4)(19,17,8)(62,17,7)(63,17,3)(67,17,5)(75,17,4)(27,18,3)(40,18,8)(82,18,4)(37,19,5)(44,19,3)(80,19,4)(13,20,3)(14,20,6)(79,20,8)(94,20,7)(23,21,4)(41,21,4)(17,22,8)(18,22,3)(30,22,5)(22,23,3)(35,23,5)(50,23,7)(73,23,6)(8,24,7)(53,24,8)(70,24,4)(97,24,4)(24,25,8)(1,26,7)(96,26,4)(47,27,7)(71,27,8)(15,28,8)(52,28,7)(57,28,8)(59,28,5)(84,28,3)(58,29,5)(61,29,3)(66,29,7)(92,29,6)(9,30,4)(34,30,7)(68,30,3)(86,30,8)(90,30,3)(91,30,3)(99,30,3)(2,31,3)(25,31,8)(48,31,5)(87,31,7)(10,32,7)(16,32,8)(39,32,5)(95,32,6)(100,32,5)(12,33,3)(29,33,7)(32,33,4)(56,33,8)(85,33,7)(38,34,8)(78,34,5)(81,34,4)(51,35,4)(6,36,5)(46,36,4)(65,36,6)(98,36,7)(77,37,5)(4,38,6)(26,38,7)(60,38,8)(76,38,8)
Queue 1:  closed
Queue 2:  closed
Queue 3:  closed
Queue 4:  closed
Queue 5:  closed
Queue 6:  closed
Queue 7:  closed
Queue 8:  closed
Queue 9:  closed
Queue 10:  closed

Time: 8
Waiting clients: (3,10,4)(11,11,8)(28,11,8)(42,11,7)(74,11,6)(21,12,3)(45,12,5)(55,12,6)(5,13,3)(7,13,3)(20,13,6)(93,13,4)(33,14,3)(64,14,5)(72,14,6)(83,14,7)(89,14,4)(31,15,4)(88,15,6)(36,16,8)(43,16,4)(49,16,8)(54,16,7)(69,16,4)(19,17,8)(62,17,7)(63,17,3)(67,17,5)(75,17,4)(27,18,3)(40,18,8)(82,18,4)(37,19,5)(44,19,3)(80,19,4)(13,20,3)(14,20,6)(79,20,8)(94,20,7)(23,21,4)(41,21,4)(17,22,8)(18,22,3)(30,22,5)(22,23,3)(35,23,5)(50,23,7)(73,23,6)(8,24,7)(53,24,8)(70,24,4)(97,24,4)(24,25,8)(1,26,7)(96,26,4)(47,27,7)(71,27,8)(15,28,8)(52,28,7)(57,28,8)(59,28,5)(84,28,3)(58,29,5)(61,29,3)(66,29,7)(92,29,6)(9,30,4)(34,30,7)(68,30,3)(86,30,8)(90,30,3)(91,30,3)(99,30,3)(2,31,3)(25,31,8)(48,31,5)(87,31,7)(10,32,7)(16,32,8)(39,32,5)(95,32,6)(100,32,5)(12,33,3)(29,33,7)(32,33,4)(56,33,8)(85,33,7)(38,34,8)(78,34,5)(81,34,4)(51,35,4)(6,36,5)(46,36,4)(65,36,6)(98,36,7)(77,37,5)(4,38,6)(26,38,7)(60,38,8)(76,38,8)
Queue 1:  closed
Queue 2:  closed
Queue 3:  closed
Queue 4:  closed
Queue 5:  closed
Queue 6:  closed
Queue 7:  closed
Queue 8:  closed
Queue 9:  closed
Queue 10:  closed

Time: 9
Waiting clients: (3,10,4)(11,11,8)(28,11,8)(42,11,7)(74,11,6)(21,12,3)(45,12,5)(55,12,6)(5,13,3)(7,13,3)(20,13,6)(93,13,4)(33,14,3)(64,14,5)(72,14,6)(83,14,7)(89,14,4)(31,15,4)(88,15,6)(36,16,8)(43,16,4)(49,16,8)(54,16,7)(69,16,4)(19,17,8)(62,17,7)(63,17,3)(67,17,5)(75,17,4)(27,18,3)(40,18,8)(82,18,4)(37,19,5)(44,19,3)(80,19,4)(13,20,3)(14,20,6)(79,20,8)(94,20,7)(23,21,4)(41,21,4)(17,22,8)(18,22,3)(30,22,5)(22,23,3)(35,23,5)(50,23,7)(73,23,6)(8,24,7)(53,24,8)(70,24,4)(97,24,4)(24,25,8)(1,26,7)(96,26,4)(47,27,7)(71,27,8)(15,28,8)(52,28,7)(57,28,8)(59,28,5)(84,28,3)(58,29,5)(61,29,3)(66,29,7)(92,29,6)(9,30,4)(34,30,7)(68,30,3)(86,30,8)(90,30,3)(91,30,3)(99,30,3)(2,31,3)(25,31,8)(48,31,5)(87,31,7)(10,32,7)(16,32,8)(39,32,5)(95,32,6)(100,32,5)(12,33,3)(29,33,7)(32,33,4)(56,33,8)(85,33,7)(38,34,8)(78,34,5)(81,34,4)(51,35,4)(6,36,5)(46,36,4)(65,36,6)(98,36,7)(77,37,5)(4,38,6)(26,38,7)(60,38,8)(76,38,8)
Queue 1:  closed
Queue 2:  closed
Queue 3:  closed
Queue 4:  closed
Queue 5:  closed
Queue 6:  closed
Queue 7:  closed
Queue 8:  closed
Queue 9:  closed
Queue 10:  closed

Time: 10
Waiting clients: (11,11,8)(28,11,8)(42,11,7)(74,11,6)(21,12,3)(45,12,5)(55,12,6)(5,13,3)(7,13,3)(20,13,6)(93,13,4)(33,14,3)(64,14,5)(72,14,6)(83,14,7)(89,14,4)(31,15,4)(88,15,6)(36,16,8)(43,16,4)(49,16,8)(54,16,7)(69,16,4)(19,17,8)(62,17,7)(63,17,3)(67,17,5)(75,17,4)(27,18,3)(40,18,8)(82,18,4)(37,19,5)(44,19,3)(80,19,4)(13,20,3)(14,20,6)(79,20,8)(94,20,7)(23,21,4)(41,21,4)(17,22,8)(18,22,3)(30,22,5)(22,23,3)(35,23,5)(50,23,7)(73,23,6)(8,24,7)(53,24,8)(70,24,4)(97,24,4)(24,25,8)(1,26,7)(96,26,4)(47,27,7)(71,27,8)(15,28,8)(52,28,7)(57,28,8)(59,28,5)(84,28,3)(58,29,5)(61,29,3)(66,29,7)(92,29,6)(9,30,4)(34,30,7)(68,30,3)(86,30,8)(90,30,3)(91,30,3)(99,30,3)(2,31,3)(25,31,8)(48,31,5)(87,31,7)(10,32,7)(16,32,8)(39,32,5)(95,32,6)(100,32,5)(12,33,3)(29,33,7)(32,33,4)(56,33,8)(85,33,7)(38,34,8)(78,34,5)(81,34,4)(51,35,4)(6,36,5)(46,36,4)(65,36,6)(98,36,7)(77,37,5)(4,38,6)(26,38,7)(60,38,8)(76,38,8)
Queue 1:  (3,10,4)
Queue 2:  closed
Queue 3:  closed
Queue 4:  closed
Queue 5:  closed
Queue 6:  closed
Queue 7:  closed
Queue 8:  closed
Queue 9:  closed
Queue 10:  closed

Time: 11
Waiting clients: (21,12,3)(45,12,5)(55,12,6)(5,13,3)(7,13,3)(20,13,6)(93,13,4)(33,14,3)(64,14,5)(72,14,6)(83,14,7)(89,14,4)(31,15,4)(88,15,6)(36,16,8)(43,16,4)(49,16,8)(54,16,7)(69,16,4)(19,17,8)(62,17,7)(63,17,3)(67,17,5)(75,17,4)(27,18,3)(40,18,8)(82,18,4)(37,19,5)(44,19,3)(80,19,4)(13,20,3)(14,20,6)(79,20,8)(94,20,7)(23,21,4)(41,21,4)(17,22,8)(18,22,3)(30,22,5)(22,23,3)(35,23,5)(50,23,7)(73,23,6)(8,24,7)(53,24,8)(70,24,4)(97,24,4)(24,25,8)(1,26,7)(96,26,4)(47,27,7)(71,27,8)(15,28,8)(52,28,7)(57,28,8)(59,28,5)(84,28,3)(58,29,5)(61,29,3)(66,29,7)(92,29,6)(9,30,4)(34,30,7)(68,30,3)(86,30,8)(90,30,3)(91,30,3)(99,30,3)(2,31,3)(25,31,8)(48,31,5)(87,31,7)(10,32,7)(16,32,8)(39,32,5)(95,32,6)(100,32,5)(12,33,3)(29,33,7)(32,33,4)(56,33,8)(85,33,7)(38,34,8)(78,34,5)(81,34,4)(51,35,4)(6,36,5)(46,36,4)(65,36,6)(98,36,7)(77,37,5)(4,38,6)(26,38,7)(60,38,8)(76,38,8)
Queue 1:  (3,10,3)
Queue 2:  (11,11,8)
Queue 3:  (28,11,8)
Queue 4:  (42,11,7)
Queue 5:  (74,11,6)
Queue 6:  closed
Queue 7:  closed
Queue 8:  closed
Queue 9:  closed
Queue 10:  closed

Time: 12
Waiting clients: (5,13,3)(7,13,3)(20,13,6)(93,13,4)(33,14,3)(64,14,5)(72,14,6)(83,14,7)(89,14,4)(31,15,4)(88,15,6)(36,16,8)(43,16,4)(49,16,8)(54,16,7)(69,16,4)(19,17,8)(62,17,7)(63,17,3)(67,17,5)(75,17,4)(27,18,3)(40,18,8)(82,18,4)(37,19,5)(44,19,3)(80,19,4)(13,20,3)(14,20,6)(79,20,8)(94,20,7)(23,21,4)(41,21,4)(17,22,8)(18,22,3)(30,22,5)(22,23,3)(35,23,5)(50,23,7)(73,23,6)(8,24,7)(53,24,8)(70,24,4)(97,24,4)(24,25,8)(1,26,7)(96,26,4)(47,27,7)(71,27,8)(15,28,8)(52,28,7)(57,28,8)(59,28,5)(84,28,3)(58,29,5)(61,29,3)(66,29,7)(92,29,6)(9,30,4)(34,30,7)(68,30,3)(86,30,8)(90,30,3)(91,30,3)(99,30,3)(2,31,3)(25,31,8)(48,31,5)(87,31,7)(10,32,7)(16,32,8)(39,32,5)(95,32,6)(100,32,5)(12,33,3)(29,33,7)(32,33,4)(56,33,8)(85,33,7)(38,34,8)(78,34,5)(81,34,4)(51,35,4)(6,36,5)(46,36,4)(65,36,6)(98,36,7)(77,37,5)(4,38,6)(26,38,7)(60,38,8)(76,38,8)
Queue 1:  (3,10,2)
Queue 2:  (11,11,7)
Queue 3:  (28,11,7)
Queue 4:  (42,11,6)
Queue 5:  (74,11,5)
Queue 6:  (21,12,3)
Queue 7:  (45,12,5)
Queue 8:  (55,12,6)
Queue 9:  closed
Queue 10:  closed

Time: 13
Waiting clients: (33,14,3)(64,14,5)(72,14,6)(83,14,7)(89,14,4)(31,15,4)(88,15,6)(36,16,8)(43,16,4)(49,16,8)(54,16,7)(69,16,4)(19,17,8)(62,17,7)(63,17,3)(67,17,5)(75,17,4)(27,18,3)(40,18,8)(82,18,4)(37,19,5)(44,19,3)(80,19,4)(13,20,3)(14,20,6)(79,20,8)(94,20,7)(23,21,4)(41,21,4)(17,22,8)(18,22,3)(30,22,5)(22,23,3)(35,23,5)(50,23,7)(73,23,6)(8,24,7)(53,24,8)(70,24,4)(97,24,4)(24,25,8)(1,26,7)(96,26,4)(47,27,7)(71,27,8)(15,28,8)(52,28,7)(57,28,8)(59,28,5)(84,28,3)(58,29,5)(61,29,3)(66,29,7)(92,29,6)(9,30,4)(34,30,7)(68,30,3)(86,30,8)(90,30,3)(91,30,3)(99,30,3)(2,31,3)(25,31,8)(48,31,5)(87,31,7)(10,32,7)(16,32,8)(39,32,5)(95,32,6)(100,32,5)(12,33,3)(29,33,7)(32,33,4)(56,33,8)(85,33,7)(38,34,8)(78,34,5)(81,34,4)(51,35,4)(6,36,5)(46,36,4)(65,36,6)(98,36,7)(77,37,5)(4,38,6)(26,38,7)(60,38,8)(76,38,8)
Queue 1:  (3,10,1)(20,13,6)
Queue 2:  (11,11,6)
Queue 3:  (28,11,6)
Queue 4:  (42,11,5)
Queue 5:  (74,11,4)
Queue 6:  (21,12,2)(93,13,4)
Queue 7:  (45,12,4)
Queue 8:  (55,12,5)
Queue 9:  (5,13,3)
Queue 10:  (7,13,3)

Time: 14
Waiting clients: (31,15,4)(88,15,6)(36,16,8)(43,16,4)(49,16,8)(54,16,7)(69,16,4)(19,17,8)(62,17,7)(63,17,3)(67,17,5)(75,17,4)(27,18,3)(40,18,8)(82,18,4)(37,19,5)(44,19,3)(80,19,4)(13,20,3)(14,20,6)(79,20,8)(94,20,7)(23,21,4)(41,21,4)(17,22,8)(18,22,3)(30,22,5)(22,23,3)(35,23,5)(50,23,7)(73,23,6)(8,24,7)(53,24,8)(70,24,4)(97,24,4)(24,25,8)(1,26,7)(96,26,4)(47,27,7)(71,27,8)(15,28,8)(52,28,7)(57,28,8)(59,28,5)(84,28,3)(58,29,5)(61,29,3)(66,29,7)(92,29,6)(9,30,4)(34,30,7)(68,30,3)(86,30,8)(90,30,3)(91,30,3)(99,30,3)(2,31,3)(25,31,8)(48,31,5)(87,31,7)(10,32,7)(16,32,8)(39,32,5)(95,32,6)(100,32,5)(12,33,3)(29,33,7)(32,33,4)(56,33,8)(85,33,7)(38,34,8)(78,34,5)(81,34,4)(51,35,4)(6,36,5)(46,36,4)(65,36,6)(98,36,7)(77,37,5)(4,38,6)(26,38,7)(60,38,8)(76,38,8)
Queue 1:  (20,13,6)
Queue 2:  (11,11,5)
Queue 3:  (28,11,5)
Queue 4:  (42,11,4)(89,14,4)
Queue 5:  (74,11,3)(72,14,6)
Queue 6:  (21,12,1)(93,13,4)
Queue 7:  (45,12,3)(83,14,7)
Queue 8:  (55,12,4)
Queue 9:  (5,13,2)(33,14,3)
Queue 10:  (7,13,2)(64,14,5)

Time: 15
Waiting clients: (36,16,8)(43,16,4)(49,16,8)(54,16,7)(69,16,4)(19,17,8)(62,17,7)(63,17,3)(67,17,5)(75,17,4)(27,18,3)(40,18,8)(82,18,4)(37,19,5)(44,19,3)(80,19,4)(13,20,3)(14,20,6)(79,20,8)(94,20,7)(23,21,4)(41,21,4)(17,22,8)(18,22,3)(30,22,5)(22,23,3)(35,23,5)(50,23,7)(73,23,6)(8,24,7)(53,24,8)(70,24,4)(97,24,4)(24,25,8)(1,26,7)(96,26,4)(47,27,7)(71,27,8)(15,28,8)(52,28,7)(57,28,8)(59,28,5)(84,28,3)(58,29,5)(61,29,3)(66,29,7)(92,29,6)(9,30,4)(34,30,7)(68,30,3)(86,30,8)(90,30,3)(91,30,3)(99,30,3)(2,31,3)(25,31,8)(48,31,5)(87,31,7)(10,32,7)(16,32,8)(39,32,5)(95,32,6)(100,32,5)(12,33,3)(29,33,7)(32,33,4)(56,33,8)(85,33,7)(38,34,8)(78,34,5)(81,34,4)(51,35,4)(6,36,5)(46,36,4)(65,36,6)(98,36,7)(77,37,5)(4,38,6)(26,38,7)(60,38,8)(76,38,8)
Queue 1:  (20,13,5)
Queue 2:  (11,11,4)(88,15,6)
Queue 3:  (28,11,4)
Queue 4:  (42,11,3)(89,14,4)
Queue 5:  (74,11,2)(72,14,6)
Queue 6:  (93,13,4)
Queue 7:  (45,12,2)(83,14,7)
Queue 8:  (55,12,3)(31,15,4)
Queue 9:  (5,13,1)(33,14,3)
Queue 10:  (7,13,1)(64,14,5)

Time: 16
Waiting clients: (19,17,8)(62,17,7)(63,17,3)(67,17,5)(75,17,4)(27,18,3)(40,18,8)(82,18,4)(37,19,5)(44,19,3)(80,19,4)(13,20,3)(14,20,6)(79,20,8)(94,20,7)(23,21,4)(41,21,4)(17,22,8)(18,22,3)(30,22,5)(22,23,3)(35,23,5)(50,23,7)(73,23,6)(8,24,7)(53,24,8)(70,24,4)(97,24,4)(24,25,8)(1,26,7)(96,26,4)(47,27,7)(71,27,8)(15,28,8)(52,28,7)(57,28,8)(59,28,5)(84,28,3)(58,29,5)(61,29,3)(66,29,7)(92,29,6)(9,30,4)(34,30,7)(68,30,3)(86,30,8)(90,30,3)(91,30,3)(99,30,3)(2,31,3)(25,31,8)(48,31,5)(87,31,7)(10,32,7)(16,32,8)(39,32,5)(95,32,6)(100,32,5)(12,33,3)(29,33,7)(32,33,4)(56,33,8)(85,33,7)(38,34,8)(78,34,5)(81,34,4)(51,35,4)(6,36,5)(46,36,4)(65,36,6)(98,36,7)(77,37,5)(4,38,6)(26,38,7)(60,38,8)(76,38,8)
Queue 1:  (20,13,4)(54,16,7)
Queue 2:  (11,11,3)(88,15,6)
Queue 3:  (28,11,3)(36,16,8)
Queue 4:  (42,11,2)(89,14,4)
Queue 5:  (74,11,1)(72,14,6)
Queue 6:  (93,13,3)(43,16,4)
Queue 7:  (45,12,1)(83,14,7)
Queue 8:  (55,12,2)(31,15,4)
Queue 9:  (33,14,3)(49,16,8)
Queue 10:  (64,14,5)(69,16,4)

Time: 17
Waiting clients: (27,18,3)(40,18,8)(82,18,4)(37,19,5)(44,19,3)(80,19,4)(13,20,3)(14,20,6)(79,20,8)(94,20,7)(23,21,4)(41,21,4)(17,22,8)(18,22,3)(30,22,5)(22,23,3)(35,23,5)(50,23,7)(73,23,6)(8,24,7)(53,24,8)(70,24,4)(97,24,4)(24,25,8)(1,26,7)(96,26,4)(47,27,7)(71,27,8)(15,28,8)(52,28,7)(57,28,8)(59,28,5)(84,28,3)(58,29,5)(61,29,3)(66,29,7)(92,29,6)(9,30,4)(34,30,7)(68,30,3)(86,30,8)(90,30,3)(91,30,3)(99,30,3)(2,31,3)(25,31,8)(48,31,5)(87,31,7)(10,32,7)(16,32,8)(39,32,5)(95,32,6)(100,32,5)(12,33,3)(29,33,7)(32,33,4)(56,33,8)(85,33,7)(38,34,8)(78,34,5)(81,34,4)(51,35,4)(6,36,5)(46,36,4)(65,36,6)(98,36,7)(77,37,5)(4,38,6)(26,38,7)(60,38,8)(76,38,8)
Queue 1:  (20,13,3)(54,16,7)
Queue 2:  (11,11,2)(88,15,6)
Queue 3:  (28,11,2)(36,16,8)
Queue 4:  (42,11,1)(89,14,4)(19,17,8)
Queue 5:  (72,14,6)(63,17,3)
Queue 6:  (93,13,2)(43,16,4)(67,17,5)
Queue 7:  (83,14,7)(75,17,4)
Queue 8:  (55,12,1)(31,15,4)(62,17,7)
Queue 9:  (33,14,2)(49,16,8)
Queue 10:  (64,14,4)(69,16,4)

Time: 18
Waiting clients: (37,19,5)(44,19,3)(80,19,4)(13,20,3)(14,20,6)(79,20,8)(94,20,7)(23,21,4)(41,21,4)(17,22,8)(18,22,3)(30,22,5)(22,23,3)(35,23,5)(50,23,7)(73,23,6)(8,24,7)(53,24,8)(70,24,4)(97,24,4)(24,25,8)(1,26,7)(96,26,4)(47,27,7)(71,27,8)(15,28,8)(52,28,7)(57,28,8)(59,28,5)(84,28,3)(58,29,5)(61,29,3)(66,29,7)(92,29,6)(9,30,4)(34,30,7)(68,30,3)(86,30,8)(90,30,3)(91,30,3)(99,30,3)(2,31,3)(25,31,8)(48,31,5)(87,31,7)(10,32,7)(16,32,8)(39,32,5)(95,32,6)(100,32,5)(12,33,3)(29,33,7)(32,33,4)(56,33,8)(85,33,7)(38,34,8)(78,34,5)(81,34,4)(51,35,4)(6,36,5)(46,36,4)(65,36,6)(98,36,7)(77,37,5)(4,38,6)(26,38,7)(60,38,8)(76,38,8)
Queue 1:  (20,13,2)(54,16,7)
Queue 2:  (11,11,1)(88,15,6)(27,18,3)
Queue 3:  (28,11,1)(36,16,8)
Queue 4:  (89,14,4)(19,17,8)
Queue 5:  (72,14,5)(63,17,3)(82,18,4)
Queue 6:  (93,13,1)(43,16,4)(67,17,5)
Queue 7:  (83,14,6)(75,17,4)
Queue 8:  (31,15,4)(62,17,7)
Queue 9:  (33,14,1)(49,16,8)
Queue 10:  (64,14,3)(69,16,4)(40,18,8)

Time: 19
Waiting clients: (13,20,3)(14,20,6)(79,20,8)(94,20,7)(23,21,4)(41,21,4)(17,22,8)(18,22,3)(30,22,5)(22,23,3)(35,23,5)(50,23,7)(73,23,6)(8,24,7)(53,24,8)(70,24,4)(97,24,4)(24,25,8)(1,26,7)(96,26,4)(47,27,7)(71,27,8)(15,28,8)(52,28,7)(57,28,8)(59,28,5)(84,28,3)(58,29,5)(61,29,3)(66,29,7)(92,29,6)(9,30,4)(34,30,7)(68,30,3)(86,30,8)(90,30,3)(91,30,3)(99,30,3)(2,31,3)(25,31,8)(48,31,5)(87,31,7)(10,32,7)(16,32,8)(39,32,5)(95,32,6)(100,32,5)(12,33,3)(29,33,7)(32,33,4)(56,33,8)(85,33,7)(38,34,8)(78,34,5)(81,34,4)(51,35,4)(6,36,5)(46,36,4)(65,36,6)(98,36,7)(77,37,5)(4,38,6)(26,38,7)(60,38,8)(76,38,8)
Queue 1:  (20,13,1)(54,16,7)(37,19,5)
Queue 2:  (88,15,6)(27,18,3)
Queue 3:  (36,16,8)(44,19,3)
Queue 4:  (89,14,3)(19,17,8)
Queue 5:  (72,14,4)(63,17,3)(82,18,4)
Queue 6:  (43,16,4)(67,17,5)
Queue 7:  (83,14,5)(75,17,4)
Queue 8:  (31,15,3)(62,17,7)
Queue 9:  (49,16,8)(80,19,4)
Queue 10:  (64,14,2)(69,16,4)(40,18,8)

Time: 20
Waiting clients: (23,21,4)(41,21,4)(17,22,8)(18,22,3)(30,22,5)(22,23,3)(35,23,5)(50,23,7)(73,23,6)(8,24,7)(53,24,8)(70,24,4)(97,24,4)(24,25,8)(1,26,7)(96,26,4)(47,27,7)(71,27,8)(15,28,8)(52,28,7)(57,28,8)(59,28,5)(84,28,3)(58,29,5)(61,29,3)(66,29,7)(92,29,6)(9,30,4)(34,30,7)(68,30,3)(86,30,8)(90,30,3)(91,30,3)(99,30,3)(2,31,3)(25,31,8)(48,31,5)(87,31,7)(10,32,7)(16,32,8)(39,32,5)(95,32,6)(100,32,5)(12,33,3)(29,33,7)(32,33,4)(56,33,8)(85,33,7)(38,34,8)(78,34,5)(81,34,4)(51,35,4)(6,36,5)(46,36,4)(65,36,6)(98,36,7)(77,37,5)(4,38,6)(26,38,7)(60,38,8)(76,38,8)
Queue 1:  (54,16,7)(37,19,5)
Queue 2:  (88,15,5)(27,18,3)(13,20,3)
Queue 3:  (36,16,7)(44,19,3)
Queue 4:  (89,14,2)(19,17,8)
Queue 5:  (72,14,3)(63,17,3)(82,18,4)
Queue 6:  (43,16,3)(67,17,5)(14,20,6)
Queue 7:  (83,14,4)(75,17,4)(79,20,8)
Queue 8:  (31,15,2)(62,17,7)(94,20,7)
Queue 9:  (49,16,7)(80,19,4)
Queue 10:  (64,14,1)(69,16,4)(40,18,8)

Time: 21
Waiting clients: (17,22,8)(18,22,3)(30,22,5)(22,23,3)(35,23,5)(50,23,7)(73,23,6)(8,24,7)(53,24,8)(70,24,4)(97,24,4)(24,25,8)(1,26,7)(96,26,4)(47,27,7)(71,27,8)(15,28,8)(52,28,7)(57,28,8)(59,28,5)(84,28,3)(58,29,5)(61,29,3)(66,29,7)(92,29,6)(9,30,4)(34,30,7)(68,30,3)(86,30,8)(90,30,3)(91,30,3)(99,30,3)(2,31,3)(25,31,8)(48,31,5)(87,31,7)(10,32,7)(16,32,8)(39,32,5)(95,32,6)(100,32,5)(12,33,3)(29,33,7)(32,33,4)(56,33,8)(85,33,7)(38,34,8)(78,34,5)(81,34,4)(51,35,4)(6,36,5)(46,36,4)(65,36,6)(98,36,7)(77,37,5)(4,38,6)(26,38,7)(60,38,8)(76,38,8)
Queue 1:  (54,16,6)(37,19,5)
Queue 2:  (88,15,4)(27,18,3)(13,20,3)
Queue 3:  (36,16,6)(44,19,3)(23,21,4)
Queue 4:  (89,14,1)(19,17,8)(41,21,4)
Queue 5:  (72,14,2)(63,17,3)(82,18,4)
Queue 6:  (43,16,2)(67,17,5)(14,20,6)
Queue 7:  (83,14,3)(75,17,4)(79,20,8)
Queue 8:  (31,15,1)(62,17,7)(94,20,7)
Queue 9:  (49,16,6)(80,19,4)
Queue 10:  (69,16,4)(40,18,8)

Time: 22
Waiting clients: (22,23,3)(35,23,5)(50,23,7)(73,23,6)(8,24,7)(53,24,8)(70,24,4)(97,24,4)(24,25,8)(1,26,7)(96,26,4)(47,27,7)(71,27,8)(15,28,8)(52,28,7)(57,28,8)(59,28,5)(84,28,3)(58,29,5)(61,29,3)(66,29,7)(92,29,6)(9,30,4)(34,30,7)(68,30,3)(86,30,8)(90,30,3)(91,30,3)(99,30,3)(2,31,3)(25,31,8)(48,31,5)(87,31,7)(10,32,7)(16,32,8)(39,32,5)(95,32,6)(100,32,5)(12,33,3)(29,33,7)(32,33,4)(56,33,8)(85,33,7)(38,34,8)(78,34,5)(81,34,4)(51,35,4)(6,36,5)(46,36,4)(65,36,6)(98,36,7)(77,37,5)(4,38,6)(26,38,7)(60,38,8)(76,38,8)
Queue 1:  (54,16,5)(37,19,5)
Queue 2:  (88,15,3)(27,18,3)(13,20,3)(18,22,3)
Queue 3:  (36,16,5)(44,19,3)(23,21,4)
Queue 4:  (19,17,8)(41,21,4)
Queue 5:  (72,14,1)(63,17,3)(82,18,4)(17,22,8)
Queue 6:  (43,16,1)(67,17,5)(14,20,6)
Queue 7:  (83,14,2)(75,17,4)(79,20,8)
Queue 8:  (62,17,7)(94,20,7)
Queue 9:  (49,16,5)(80,19,4)(30,22,5)
Queue 10:  (69,16,3)(40,18,8)

Time: 23
Waiting clients: (8,24,7)(53,24,8)(70,24,4)(97,24,4)(24,25,8)(1,26,7)(96,26,4)(47,27,7)(71,27,8)(15,28,8)(52,28,7)(57,28,8)(59,28,5)(84,28,3)(58,29,5)(61,29,3)(66,29,7)(92,29,6)(9,30,4)(34,30,7)(68,30,3)(86,30,8)(90,30,3)(91,30,3)(99,30,3)(2,31,3)(25,31,8)(48,31,5)(87,31,7)(10,32,7)(16,32,8)(39,32,5)(95,32,6)(100,32,5)(12,33,3)(29,33,7)(32,33,4)(56,33,8)(85,33,7)(38,34,8)(78,34,5)(81,34,4)(51,35,4)(6,36,5)(46,36,4)(65,36,6)(98,36,7)(77,37,5)(4,38,6)(26,38,7)(60,38,8)(76,38,8)
Queue 1:  (54,16,4)(37,19,5)(22,23,3)
Queue 2:  (88,15,2)(27,18,3)(13,20,3)(18,22,3)(50,23,7)
Queue 3:  (36,16,4)(44,19,3)(23,21,4)(73,23,6)
Queue 4:  (19,17,7)(41,21,4)
Queue 5:  (63,17,3)(82,18,4)(17,22,8)
Queue 6:  (67,17,5)(14,20,6)
Queue 7:  (83,14,1)(75,17,4)(79,20,8)
Queue 8:  (62,17,6)(94,20,7)
Queue 9:  (49,16,4)(80,19,4)(30,22,5)
Queue 10:  (69,16,2)(40,18,8)(35,23,5)

Time: 24
Waiting clients: (24,25,8)(1,26,7)(96,26,4)(47,27,7)(71,27,8)(15,28,8)(52,28,7)(57,28,8)(59,28,5)(84,28,3)(58,29,5)(61,29,3)(66,29,7)(92,29,6)(9,30,4)(34,30,7)(68,30,3)(86,30,8)(90,30,3)(91,30,3)(99,30,3)(2,31,3)(25,31,8)(48,31,5)(87,31,7)(10,32,7)(16,32,8)(39,32,5)(95,32,6)(100,32,5)(12,33,3)(29,33,7)(32,33,4)(56,33,8)(85,33,7)(38,34,8)(78,34,5)(81,34,4)(51,35,4)(6,36,5)(46,36,4)(65,36,6)(98,36,7)(77,37,5)(4,38,6)(26,38,7)(60,38,8)(76,38,8)
Queue 1:  (54,16,3)(37,19,5)(22,23,3)(70,24,4)
Queue 2:  (88,15,1)(27,18,3)(13,20,3)(18,22,3)(50,23,7)
Queue 3:  (36,16,3)(44,19,3)(23,21,4)(73,23,6)
Queue 4:  (19,17,6)(41,21,4)(8,24,7)
Queue 5:  (63,17,2)(82,18,4)(17,22,8)
Queue 6:  (67,17,4)(14,20,6)(53,24,8)
Queue 7:  (75,17,4)(79,20,8)(97,24,4)
Queue 8:  (62,17,5)(94,20,7)
Queue 9:  (49,16,3)(80,19,4)(30,22,5)
Queue 10:  (69,16,1)(40,18,8)(35,23,5)

Time: 25
Waiting clients: (1,26,7)(96,26,4)(47,27,7)(71,27,8)(15,28,8)(52,28,7)(57,28,8)(59,28,5)(84,28,3)(58,29,5)(61,29,3)(66,29,7)(92,29,6)(9,30,4)(34,30,7)(68,30,3)(86,30,8)(90,30,3)(91,30,3)(99,30,3)(2,31,3)(25,31,8)(48,31,5)(87,31,7)(10,32,7)(16,32,8)(39,32,5)(95,32,6)(100,32,5)(12,33,3)(29,33,7)(32,33,4)(56,33,8)(85,33,7)(38,34,8)(78,34,5)(81,34,4)(51,35,4)(6,36,5)(46,36,4)(65,36,6)(98,36,7)(77,37,5)(4,38,6)(26,38,7)(60,38,8)(76,38,8)
Queue 1:  (54,16,2)(37,19,5)(22,23,3)(70,24,4)
Queue 2:  (27,18,3)(13,20,3)(18,22,3)(50,23,7)
Queue 3:  (36,16,2)(44,19,3)(23,21,4)(73,23,6)
Queue 4:  (19,17,5)(41,21,4)(8,24,7)
Queue 5:  (63,17,1)(82,18,4)(17,22,8)
Queue 6:  (67,17,3)(14,20,6)(53,24,8)
Queue 7:  (75,17,3)(79,20,8)(97,24,4)
Queue 8:  (62,17,4)(94,20,7)(24,25,8)
Queue 9:  (49,16,2)(80,19,4)(30,22,5)
Queue 10:  (40,18,8)(35,23,5)

Time: 26
Waiting clients: (47,27,7)(71,27,8)(15,28,8)(52,28,7)(57,28,8)(59,28,5)(84,28,3)(58,29,5)(61,29,3)(66,29,7)(92,29,6)(9,30,4)(34,30,7)(68,30,3)(86,30,8)(90,30,3)(91,30,3)(99,30,3)(2,31,3)(25,31,8)(48,31,5)(87,31,7)(10,32,7)(16,32,8)(39,32,5)(95,32,6)(100,32,5)(12,33,3)(29,33,7)(32,33,4)(56,33,8)(85,33,7)(38,34,8)(78,34,5)(81,34,4)(51,35,4)(6,36,5)(46,36,4)(65,36,6)(98,36,7)(77,37,5)(4,38,6)(26,38,7)(60,38,8)(76,38,8)
Queue 1:  (54,16,1)(37,19,5)(22,23,3)(70,24,4)
Queue 2:  (27,18,2)(13,20,3)(18,22,3)(50,23,7)
Queue 3:  (36,16,1)(44,19,3)(23,21,4)(73,23,6)
Queue 4:  (19,17,4)(41,21,4)(8,24,7)
Queue 5:  (82,18,4)(17,22,8)(96,26,4)
Queue 6:  (67,17,2)(14,20,6)(53,24,8)
Queue 7:  (75,17,2)(79,20,8)(97,24,4)
Queue 8:  (62,17,3)(94,20,7)(24,25,8)
Queue 9:  (49,16,1)(80,19,4)(30,22,5)(1,26,7)
Queue 10:  (40,18,7)(35,23,5)

Time: 27
Waiting clients: (15,28,8)(52,28,7)(57,28,8)(59,28,5)(84,28,3)(58,29,5)(61,29,3)(66,29,7)(92,29,6)(9,30,4)(34,30,7)(68,30,3)(86,30,8)(90,30,3)(91,30,3)(99,30,3)(2,31,3)(25,31,8)(48,31,5)(87,31,7)(10,32,7)(16,32,8)(39,32,5)(95,32,6)(100,32,5)(12,33,3)(29,33,7)(32,33,4)(56,33,8)(85,33,7)(38,34,8)(78,34,5)(81,34,4)(51,35,4)(6,36,5)(46,36,4)(65,36,6)(98,36,7)(77,37,5)(4,38,6)(26,38,7)(60,38,8)(76,38,8)
Queue 1:  (37,19,5)(22,23,3)(70,24,4)(71,27,8)
Queue 2:  (27,18,1)(13,20,3)(18,22,3)(50,23,7)
Queue 3:  (44,19,3)(23,21,4)(73,23,6)
Queue 4:  (19,17,3)(41,21,4)(8,24,7)
Queue 5:  (82,18,3)(17,22,8)(96,26,4)
Queue 6:  (67,17,1)(14,20,6)(53,24,8)
Queue 7:  (75,17,1)(79,20,8)(97,24,4)
Queue 8:  (62,17,2)(94,20,7)(24,25,8)
Queue 9:  (80,19,4)(30,22,5)(1,26,7)
Queue 10:  (40,18,6)(35,23,5)(47,27,7)

Time: 28
Waiting clients: (58,29,5)(61,29,3)(66,29,7)(92,29,6)(9,30,4)(34,30,7)(68,30,3)(86,30,8)(90,30,3)(91,30,3)(99,30,3)(2,31,3)(25,31,8)(48,31,5)(87,31,7)(10,32,7)(16,32,8)(39,32,5)(95,32,6)(100,32,5)(12,33,3)(29,33,7)(32,33,4)(56,33,8)(85,33,7)(38,34,8)(78,34,5)(81,34,4)(51,35,4)(6,36,5)(46,36,4)(65,36,6)(98,36,7)(77,37,5)(4,38,6)(26,38,7)(60,38,8)(76,38,8)
Queue 1:  (37,19,4)(22,23,3)(70,24,4)(71,27,8)
Queue 2:  (13,20,3)(18,22,3)(50,23,7)(57,28,8)
Queue 3:  (44,19,2)(23,21,4)(73,23,6)(15,28,8)
Queue 4:  (19,17,2)(41,21,4)(8,24,7)(59,28,5)
Queue 5:  (82,18,2)(17,22,8)(96,26,4)(84,28,3)
Queue 6:  (14,20,6)(53,24,8)
Queue 7:  (79,20,8)(97,24,4)(52,28,7)
Queue 8:  (62,17,1)(94,20,7)(24,25,8)
Queue 9:  (80,19,3)(30,22,5)(1,26,7)
Queue 10:  (40,18,5)(35,23,5)(47,27,7)

Time: 29
Waiting clients: (9,30,4)(34,30,7)(68,30,3)(86,30,8)(90,30,3)(91,30,3)(99,30,3)(2,31,3)(25,31,8)(48,31,5)(87,31,7)(10,32,7)(16,32,8)(39,32,5)(95,32,6)(100,32,5)(12,33,3)(29,33,7)(32,33,4)(56,33,8)(85,33,7)(38,34,8)(78,34,5)(81,34,4)(51,35,4)(6,36,5)(46,36,4)(65,36,6)(98,36,7)(77,37,5)(4,38,6)(26,38,7)(60,38,8)(76,38,8)
Queue 1:  (37,19,3)(22,23,3)(70,24,4)(71,27,8)
Queue 2:  (13,20,2)(18,22,3)(50,23,7)(57,28,8)
Queue 3:  (44,19,1)(23,21,4)(73,23,6)(15,28,8)
Queue 4:  (19,17,1)(41,21,4)(8,24,7)(59,28,5)
Queue 5:  (82,18,1)(17,22,8)(96,26,4)(84,28,3)(92,29,6)
Queue 6:  (14,20,5)(53,24,8)(58,29,5)
Queue 7:  (79,20,7)(97,24,4)(52,28,7)
Queue 8:  (94,20,7)(24,25,8)(66,29,7)
Queue 9:  (80,19,2)(30,22,5)(1,26,7)(61,29,3)
Queue 10:  (40,18,4)(35,23,5)(47,27,7)

Time: 30
Waiting clients: (2,31,3)(25,31,8)(48,31,5)(87,31,7)(10,32,7)(16,32,8)(39,32,5)(95,32,6)(100,32,5)(12,33,3)(29,33,7)(32,33,4)(56,33,8)(85,33,7)(38,34,8)(78,34,5)(81,34,4)(51,35,4)(6,36,5)(46,36,4)(65,36,6)(98,36,7)(77,37,5)(4,38,6)(26,38,7)(60,38,8)(76,38,8)
Queue 1:  (37,19,2)(22,23,3)(70,24,4)(71,27,8)(86,30,8)
Queue 2:  (13,20,1)(18,22,3)(50,23,7)(57,28,8)
Queue 3:  (23,21,4)(73,23,6)(15,28,8)(99,30,3)
Queue 4:  (41,21,4)(8,24,7)(59,28,5)(34,30,7)
Queue 5:  (17,22,8)(96,26,4)(84,28,3)(92,29,6)
Queue 6:  (14,20,4)(53,24,8)(58,29,5)(90,30,3)
Queue 7:  (79,20,6)(97,24,4)(52,28,7)(91,30,3)
Queue 8:  (94,20,6)(24,25,8)(66,29,7)
Queue 9:  (80,19,1)(30,22,5)(1,26,7)(61,29,3)(68,30,3)
Queue 10:  (40,18,3)(35,23,5)(47,27,7)(9,30,4)

Time: 31
Waiting clients: (10,32,7)(16,32,8)(39,32,5)(95,32,6)(100,32,5)(12,33,3)(29,33,7)(32,33,4)(56,33,8)(85,33,7)(38,34,8)(78,34,5)(81,34,4)(51,35,4)(6,36,5)(46,36,4)(65,36,6)(98,36,7)(77,37,5)(4,38,6)(26,38,7)(60,38,8)(76,38,8)
Queue 1:  (37,19,1)(22,23,3)(70,24,4)(71,27,8)(86,30,8)
Queue 2:  (18,22,3)(50,23,7)(57,28,8)(2,31,3)
Queue 3:  (23,21,3)(73,23,6)(15,28,8)(99,30,3)
Queue 4:  (41,21,3)(8,24,7)(59,28,5)(34,30,7)
Queue 5:  (17,22,7)(96,26,4)(84,28,3)(92,29,6)
Queue 6:  (14,20,3)(53,24,8)(58,29,5)(90,30,3)(87,31,7)
Queue 7:  (79,20,5)(97,24,4)(52,28,7)(91,30,3)
Queue 8:  (94,20,5)(24,25,8)(66,29,7)
Queue 9:  (30,22,5)(1,26,7)(61,29,3)(68,30,3)(25,31,8)
Queue 10:  (40,18,2)(35,23,5)(47,27,7)(9,30,4)(48,31,5)

Time: 32
Waiting clients: (12,33,3)(29,33,7)(32,33,4)(56,33,8)(85,33,7)(38,34,8)(78,34,5)(81,34,4)(51,35,4)(6,36,5)(46,36,4)(65,36,6)(98,36,7)(77,37,5)(4,38,6)(26,38,7)(60,38,8)(76,38,8)
Queue 1:  (22,23,3)(70,24,4)(71,27,8)(86,30,8)
Queue 2:  (18,22,2)(50,23,7)(57,28,8)(2,31,3)(100,32,5)
Queue 3:  (23,21,2)(73,23,6)(15,28,8)(99,30,3)(16,32,8)
Queue 4:  (41,21,2)(8,24,7)(59,28,5)(34,30,7)
Queue 5:  (17,22,6)(96,26,4)(84,28,3)(92,29,6)(39,32,5)
Queue 6:  (14,20,2)(53,24,8)(58,29,5)(90,30,3)(87,31,7)
Queue 7:  (79,20,4)(97,24,4)(52,28,7)(91,30,3)(10,32,7)
Queue 8:  (94,20,4)(24,25,8)(66,29,7)(95,32,6)
Queue 9:  (30,22,4)(1,26,7)(61,29,3)(68,30,3)(25,31,8)
Queue 10:  (40,18,1)(35,23,5)(47,27,7)(9,30,4)(48,31,5)

Time: 33
Waiting clients: (38,34,8)(78,34,5)(81,34,4)(51,35,4)(6,36,5)(46,36,4)(65,36,6)(98,36,7)(77,37,5)(4,38,6)(26,38,7)(60,38,8)(76,38,8)
Queue 1:  (22,23,2)(70,24,4)(71,27,8)(86,30,8)(32,33,4)
Queue 2:  (18,22,1)(50,23,7)(57,28,8)(2,31,3)(100,32,5)
Queue 3:  (23,21,1)(73,23,6)(15,28,8)(99,30,3)(16,32,8)
Queue 4:  (41,21,1)(8,24,7)(59,28,5)(34,30,7)(12,33,3)(56,33,8)
Queue 5:  (17,22,5)(96,26,4)(84,28,3)(92,29,6)(39,32,5)(85,33,7)
Queue 6:  (14,20,1)(53,24,8)(58,29,5)(90,30,3)(87,31,7)
Queue 7:  (79,20,3)(97,24,4)(52,28,7)(91,30,3)(10,32,7)
Queue 8:  (94,20,3)(24,25,8)(66,29,7)(95,32,6)
Queue 9:  (30,22,3)(1,26,7)(61,29,3)(68,30,3)(25,31,8)
Queue 10:  (35,23,5)(47,27,7)(9,30,4)(48,31,5)(29,33,7)

Time: 34
Waiting clients: (51,35,4)(6,36,5)(46,36,4)(65,36,6)(98,36,7)(77,37,5)(4,38,6)(26,38,7)(60,38,8)(76,38,8)
Queue 1:  (22,23,1)(70,24,4)(71,27,8)(86,30,8)(32,33,4)
Queue 2:  (50,23,7)(57,28,8)(2,31,3)(100,32,5)(38,34,8)
Queue 3:  (73,23,6)(15,28,8)(99,30,3)(16,32,8)
Queue 4:  (8,24,7)(59,28,5)(34,30,7)(12,33,3)(56,33,8)
Queue 5:  (17,22,4)(96,26,4)(84,28,3)(92,29,6)(39,32,5)(85,33,7)
Queue 6:  (53,24,8)(58,29,5)(90,30,3)(87,31,7)(78,34,5)
Queue 7:  (79,20,2)(97,24,4)(52,28,7)(91,30,3)(10,32,7)(81,34,4)
Queue 8:  (94,20,2)(24,25,8)(66,29,7)(95,32,6)
Queue 9:  (30,22,2)(1,26,7)(61,29,3)(68,30,3)(25,31,8)
Queue 10:  (35,23,4)(47,27,7)(9,30,4)(48,31,5)(29,33,7)

Time: 35
Waiting clients: (6,36,5)(46,36,4)(65,36,6)(98,36,7)(77,37,5)(4,38,6)(26,38,7)(60,38,8)(76,38,8)
Queue 1:  (70,24,4)(71,27,8)(86,30,8)(32,33,4)
Queue 2:  (50,23,6)(57,28,8)(2,31,3)(100,32,5)(38,34,8)
Queue 3:  (73,23,5)(15,28,8)(99,30,3)(16,32,8)
Queue 4:  (8,24,6)(59,28,5)(34,30,7)(12,33,3)(56,33,8)
Queue 5:  (17,22,3)(96,26,4)(84,28,3)(92,29,6)(39,32,5)(85,33,7)
Queue 6:  (53,24,7)(58,29,5)(90,30,3)(87,31,7)(78,34,5)
Queue 7:  (79,20,1)(97,24,4)(52,28,7)(91,30,3)(10,32,7)(81,34,4)
Queue 8:  (94,20,1)(24,25,8)(66,29,7)(95,32,6)(51,35,4)
Queue 9:  (30,22,1)(1,26,7)(61,29,3)(68,30,3)(25,31,8)
Queue 10:  (35,23,3)(47,27,7)(9,30,4)(48,31,5)(29,33,7)

Time: 36
Waiting clients: (77,37,5)(4,38,6)(26,38,7)(60,38,8)(76,38,8)
Queue 1:  (70,24,3)(71,27,8)(86,30,8)(32,33,4)(46,36,4)
Queue 2:  (50,23,5)(57,28,8)(2,31,3)(100,32,5)(38,34,8)
Queue 3:  (73,23,4)(15,28,8)(99,30,3)(16,32,8)(65,36,6)
Queue 4:  (8,24,5)(59,28,5)(34,30,7)(12,33,3)(56,33,8)
Queue 5:  (17,22,2)(96,26,4)(84,28,3)(92,29,6)(39,32,5)(85,33,7)
Queue 6:  (53,24,6)(58,29,5)(90,30,3)(87,31,7)(78,34,5)
Queue 7:  (97,24,4)(52,28,7)(91,30,3)(10,32,7)(81,34,4)(98,36,7)
Queue 8:  (24,25,8)(66,29,7)(95,32,6)(51,35,4)
Queue 9:  (1,26,7)(61,29,3)(68,30,3)(25,31,8)(6,36,5)
Queue 10:  (35,23,2)(47,27,7)(9,30,4)(48,31,5)(29,33,7)

Time: 37
Waiting clients: (4,38,6)(26,38,7)(60,38,8)(76,38,8)
Queue 1:  (70,24,2)(71,27,8)(86,30,8)(32,33,4)(46,36,4)
Queue 2:  (50,23,4)(57,28,8)(2,31,3)(100,32,5)(38,34,8)
Queue 3:  (73,23,3)(15,28,8)(99,30,3)(16,32,8)(65,36,6)
Queue 4:  (8,24,4)(59,28,5)(34,30,7)(12,33,3)(56,33,8)
Queue 5:  (17,22,1)(96,26,4)(84,28,3)(92,29,6)(39,32,5)(85,33,7)
Queue 6:  (53,24,5)(58,29,5)(90,30,3)(87,31,7)(78,34,5)
Queue 7:  (97,24,3)(52,28,7)(91,30,3)(10,32,7)(81,34,4)(98,36,7)
Queue 8:  (24,25,7)(66,29,7)(95,32,6)(51,35,4)(77,37,5)
Queue 9:  (1,26,6)(61,29,3)(68,30,3)(25,31,8)(6,36,5)
Queue 10:  (35,23,1)(47,27,7)(9,30,4)(48,31,5)(29,33,7)

Time: 38
Waiting clients: 
Queue 1:  (70,24,1)(71,27,8)(86,30,8)(32,33,4)(46,36,4)(76,38,8)
Queue 2:  (50,23,3)(57,28,8)(2,31,3)(100,32,5)(38,34,8)
Queue 3:  (73,23,2)(15,28,8)(99,30,3)(16,32,8)(65,36,6)
Queue 4:  (8,24,3)(59,28,5)(34,30,7)(12,33,3)(56,33,8)
Queue 5:  (96,26,4)(84,28,3)(92,29,6)(39,32,5)(85,33,7)
Queue 6:  (53,24,4)(58,29,5)(90,30,3)(87,31,7)(78,34,5)(26,38,7)
Queue 7:  (97,24,2)(52,28,7)(91,30,3)(10,32,7)(81,34,4)(98,36,7)
Queue 8:  (24,25,6)(66,29,7)(95,32,6)(51,35,4)(77,37,5)
Queue 9:  (1,26,5)(61,29,3)(68,30,3)(25,31,8)(6,36,5)(60,38,8)
Queue 10:  (47,27,7)(9,30,4)(48,31,5)(29,33,7)(4,38,6)

Time: 39
Waiting clients: 
Queue 1:  (71,27,8)(86,30,8)(32,33,4)(46,36,4)(76,38,8)
Queue 2:  (50,23,2)(57,28,8)(2,31,3)(100,32,5)(38,34,8)
Queue 3:  (73,23,1)(15,28,8)(99,30,3)(16,32,8)(65,36,6)
Queue 4:  (8,24,2)(59,28,5)(34,30,7)(12,33,3)(56,33,8)
Queue 5:  (96,26,3)(84,28,3)(92,29,6)(39,32,5)(85,33,7)
Queue 6:  (53,24,3)(58,29,5)(90,30,3)(87,31,7)(78,34,5)(26,38,7)
Queue 7:  (97,24,1)(52,28,7)(91,30,3)(10,32,7)(81,34,4)(98,36,7)
Queue 8:  (24,25,5)(66,29,7)(95,32,6)(51,35,4)(77,37,5)
Queue 9:  (1,26,4)(61,29,3)(68,30,3)(25,31,8)(6,36,5)(60,38,8)
Queue 10:  (47,27,6)(9,30,4)(48,31,5)(29,33,7)(4,38,6)

Time: 40
Waiting clients: 
Queue 1:  (71,27,7)(86,30,8)(32,33,4)(46,36,4)(76,38,8)
Queue 2:  (50,23,1)(57,28,8)(2,31,3)(100,32,5)(38,34,8)
Queue 3:  (15,28,8)(99,30,3)(16,32,8)(65,36,6)
Queue 4:  (8,24,1)(59,28,5)(34,30,7)(12,33,3)(56,33,8)
Queue 5:  (96,26,2)(84,28,3)(92,29,6)(39,32,5)(85,33,7)
Queue 6:  (53,24,2)(58,29,5)(90,30,3)(87,31,7)(78,34,5)(26,38,7)
Queue 7:  (52,28,7)(91,30,3)(10,32,7)(81,34,4)(98,36,7)
Queue 8:  (24,25,4)(66,29,7)(95,32,6)(51,35,4)(77,37,5)
Queue 9:  (1,26,3)(61,29,3)(68,30,3)(25,31,8)(6,36,5)(60,38,8)
Queue 10:  (47,27,5)(9,30,4)(48,31,5)(29,33,7)(4,38,6)

Time: 41
Waiting clients: 
Queue 1:  (71,27,6)(86,30,8)(32,33,4)(46,36,4)(76,38,8)
Queue 2:  (57,28,8)(2,31,3)(100,32,5)(38,34,8)
Queue 3:  (15,28,7)(99,30,3)(16,32,8)(65,36,6)
Queue 4:  (59,28,5)(34,30,7)(12,33,3)(56,33,8)
Queue 5:  (96,26,1)(84,28,3)(92,29,6)(39,32,5)(85,33,7)
Queue 6:  (53,24,1)(58,29,5)(90,30,3)(87,31,7)(78,34,5)(26,38,7)
Queue 7:  (52,28,6)(91,30,3)(10,32,7)(81,34,4)(98,36,7)
Queue 8:  (24,25,3)(66,29,7)(95,32,6)(51,35,4)(77,37,5)
Queue 9:  (1,26,2)(61,29,3)(68,30,3)(25,31,8)(6,36,5)(60,38,8)
Queue 10:  (47,27,4)(9,30,4)(48,31,5)(29,33,7)(4,38,6)

Time: 42
Waiting clients: 
Queue 1:  (71,27,5)(86,30,8)(32,33,4)(46,36,4)(76,38,8)
Queue 2:  (57,28,7)(2,31,3)(100,32,5)(38,34,8)
Queue 3:  (15,28,6)(99,30,3)(16,32,8)(65,36,6)
Queue 4:  (59,28,4)(34,30,7)(12,33,3)(56,33,8)
Queue 5:  (84,28,3)(92,29,6)(39,32,5)(85,33,7)
Queue 6:  (58,29,5)(90,30,3)(87,31,7)(78,34,5)(26,38,7)
Queue 7:  (52,28,5)(91,30,3)(10,32,7)(81,34,4)(98,36,7)
Queue 8:  (24,25,2)(66,29,7)(95,32,6)(51,35,4)(77,37,5)
Queue 9:  (1,26,1)(61,29,3)(68,30,3)(25,31,8)(6,36,5)(60,38,8)
Queue 10:  (47,27,3)(9,30,4)(48,31,5)(29,33,7)(4,38,6)

Time: 43
Waiting clients: 
Queue 1:  (71,27,4)(86,30,8)(32,33,4)(46,36,4)(76,38,8)
Queue 2:  (57,28,6)(2,31,3)(100,32,5)(38,34,8)
Queue 3:  (15,28,5)(99,30,3)(16,32,8)(65,36,6)
Queue 4:  (59,28,3)(34,30,7)(12,33,3)(56,33,8)
Queue 5:  (84,28,2)(92,29,6)(39,32,5)(85,33,7)
Queue 6:  (58,29,4)(90,30,3)(87,31,7)(78,34,5)(26,38,7)
Queue 7:  (52,28,4)(91,30,3)(10,32,7)(81,34,4)(98,36,7)
Queue 8:  (24,25,1)(66,29,7)(95,32,6)(51,35,4)(77,37,5)
Queue 9:  (61,29,3)(68,30,3)(25,31,8)(6,36,5)(60,38,8)
Queue 10:  (47,27,2)(9,30,4)(48,31,5)(29,33,7)(4,38,6)

Time: 44
Waiting clients: 
Queue 1:  (71,27,3)(86,30,8)(32,33,4)(46,36,4)(76,38,8)
Queue 2:  (57,28,5)(2,31,3)(100,32,5)(38,34,8)
Queue 3:  (15,28,4)(99,30,3)(16,32,8)(65,36,6)
Queue 4:  (59,28,2)(34,30,7)(12,33,3)(56,33,8)
Queue 5:  (84,28,1)(92,29,6)(39,32,5)(85,33,7)
Queue 6:  (58,29,3)(90,30,3)(87,31,7)(78,34,5)(26,38,7)
Queue 7:  (52,28,3)(91,30,3)(10,32,7)(81,34,4)(98,36,7)
Queue 8:  (66,29,7)(95,32,6)(51,35,4)(77,37,5)
Queue 9:  (61,29,2)(68,30,3)(25,31,8)(6,36,5)(60,38,8)
Queue 10:  (47,27,1)(9,30,4)(48,31,5)(29,33,7)(4,38,6)

Time: 45
Waiting clients: 
Queue 1:  (71,27,2)(86,30,8)(32,33,4)(46,36,4)(76,38,8)
Queue 2:  (57,28,4)(2,31,3)(100,32,5)(38,34,8)
Queue 3:  (15,28,3)(99,30,3)(16,32,8)(65,36,6)
Queue 4:  (59,28,1)(34,30,7)(12,33,3)(56,33,8)
Queue 5:  (92,29,6)(39,32,5)(85,33,7)
Queue 6:  (58,29,2)(90,30,3)(87,31,7)(78,34,5)(26,38,7)
Queue 7:  (52,28,2)(91,30,3)(10,32,7)(81,34,4)(98,36,7)
Queue 8:  (66,29,6)(95,32,6)(51,35,4)(77,37,5)
Queue 9:  (61,29,1)(68,30,3)(25,31,8)(6,36,5)(60,38,8)
Queue 10:  (9,30,4)(48,31,5)(29,33,7)(4,38,6)

Time: 46
Waiting clients: 
Queue 1:  (71,27,1)(86,30,8)(32,33,4)(46,36,4)(76,38,8)
Queue 2:  (57,28,3)(2,31,3)(100,32,5)(38,34,8)
Queue 3:  (15,28,2)(99,30,3)(16,32,8)(65,36,6)
Queue 4:  (34,30,7)(12,33,3)(56,33,8)
Queue 5:  (92,29,5)(39,32,5)(85,33,7)
Queue 6:  (58,29,1)(90,30,3)(87,31,7)(78,34,5)(26,38,7)
Queue 7:  (52,28,1)(91,30,3)(10,32,7)(81,34,4)(98,36,7)
Queue 8:  (66,29,5)(95,32,6)(51,35,4)(77,37,5)
Queue 9:  (68,30,3)(25,31,8)(6,36,5)(60,38,8)
Queue 10:  (9,30,3)(48,31,5)(29,33,7)(4,38,6)

Time: 47
Waiting clients: 
Queue 1:  (86,30,8)(32,33,4)(46,36,4)(76,38,8)
Queue 2:  (57,28,2)(2,31,3)(100,32,5)(38,34,8)
Queue 3:  (15,28,1)(99,30,3)(16,32,8)(65,36,6)
Queue 4:  (34,30,6)(12,33,3)(56,33,8)
Queue 5:  (92,29,4)(39,32,5)(85,33,7)
Queue 6:  (90,30,3)(87,31,7)(78,34,5)(26,38,7)
Queue 7:  (91,30,3)(10,32,7)(81,34,4)(98,36,7)
Queue 8:  (66,29,4)(95,32,6)(51,35,4)(77,37,5)
Queue 9:  (68,30,2)(25,31,8)(6,36,5)(60,38,8)
Queue 10:  (9,30,2)(48,31,5)(29,33,7)(4,38,6)

Time: 48
Waiting clients: 
Queue 1:  (86,30,7)(32,33,4)(46,36,4)(76,38,8)
Queue 2:  (57,28,1)(2,31,3)(100,32,5)(38,34,8)
Queue 3:  (99,30,3)(16,32,8)(65,36,6)
Queue 4:  (34,30,5)(12,33,3)(56,33,8)
Queue 5:  (92,29,3)(39,32,5)(85,33,7)
Queue 6:  (90,30,2)(87,31,7)(78,34,5)(26,38,7)
Queue 7:  (91,30,2)(10,32,7)(81,34,4)(98,36,7)
Queue 8:  (66,29,3)(95,32,6)(51,35,4)(77,37,5)
Queue 9:  (68,30,1)(25,31,8)(6,36,5)(60,38,8)
Queue 10:  (9,30,1)(48,31,5)(29,33,7)(4,38,6)

Time: 49
Waiting clients: 
Queue 1:  (86,30,6)(32,33,4)(46,36,4)(76,38,8)
Queue 2:  (2,31,3)(100,32,5)(38,34,8)
Queue 3:  (99,30,2)(16,32,8)(65,36,6)
Queue 4:  (34,30,4)(12,33,3)(56,33,8)
Queue 5:  (92,29,2)(39,32,5)(85,33,7)
Queue 6:  (90,30,1)(87,31,7)(78,34,5)(26,38,7)
Queue 7:  (91,30,1)(10,32,7)(81,34,4)(98,36,7)
Queue 8:  (66,29,2)(95,32,6)(51,35,4)(77,37,5)
Queue 9:  (25,31,8)(6,36,5)(60,38,8)
Queue 10:  (48,31,5)(29,33,7)(4,38,6)

Time: 50
Waiting clients: 
Queue 1:  (86,30,5)(32,33,4)(46,36,4)(76,38,8)
Queue 2:  (2,31,2)(100,32,5)(38,34,8)
Queue 3:  (99,30,1)(16,32,8)(65,36,6)
Queue 4:  (34,30,3)(12,33,3)(56,33,8)
Queue 5:  (92,29,1)(39,32,5)(85,33,7)
Queue 6:  (87,31,7)(78,34,5)(26,38,7)
Queue 7:  (10,32,7)(81,34,4)(98,36,7)
Queue 8:  (66,29,1)(95,32,6)(51,35,4)(77,37,5)
Queue 9:  (25,31,7)(6,36,5)(60,38,8)
Queue 10:  (48,31,4)(29,33,7)(4,38,6)

Time: 51
Waiting clients: 
Queue 1:  (86,30,4)(32,33,4)(46,36,4)(76,38,8)
Queue 2:  (2,31,1)(100,32,5)(38,34,8)
Queue 3:  (16,32,8)(65,36,6)
Queue 4:  (34,30,2)(12,33,3)(56,33,8)
Queue 5:  (39,32,5)(85,33,7)
Queue 6:  (87,31,6)(78,34,5)(26,38,7)
Queue 7:  (10,32,6)(81,34,4)(98,36,7)
Queue 8:  (95,32,6)(51,35,4)(77,37,5)
Queue 9:  (25,31,6)(6,36,5)(60,38,8)
Queue 10:  (48,31,3)(29,33,7)(4,38,6)

Time: 52
Waiting clients: 
Queue 1:  (86,30,3)(32,33,4)(46,36,4)(76,38,8)
Queue 2:  (100,32,5)(38,34,8)
Queue 3:  (16,32,7)(65,36,6)
Queue 4:  (34,30,1)(12,33,3)(56,33,8)
Queue 5:  (39,32,4)(85,33,7)
Queue 6:  (87,31,5)(78,34,5)(26,38,7)
Queue 7:  (10,32,5)(81,34,4)(98,36,7)
Queue 8:  (95,32,5)(51,35,4)(77,37,5)
Queue 9:  (25,31,5)(6,36,5)(60,38,8)
Queue 10:  (48,31,2)(29,33,7)(4,38,6)

Time: 53
Waiting clients: 
Queue 1:  (86,30,2)(32,33,4)(46,36,4)(76,38,8)
Queue 2:  (100,32,4)(38,34,8)
Queue 3:  (16,32,6)(65,36,6)
Queue 4:  (12,33,3)(56,33,8)
Queue 5:  (39,32,3)(85,33,7)
Queue 6:  (87,31,4)(78,34,5)(26,38,7)
Queue 7:  (10,32,4)(81,34,4)(98,36,7)
Queue 8:  (95,32,4)(51,35,4)(77,37,5)
Queue 9:  (25,31,4)(6,36,5)(60,38,8)
Queue 10:  (48,31,1)(29,33,7)(4,38,6)

Time: 54
Waiting clients: 
Queue 1:  (86,30,1)(32,33,4)(46,36,4)(76,38,8)
Queue 2:  (100,32,3)(38,34,8)
Queue 3:  (16,32,5)(65,36,6)
Queue 4:  (12,33,2)(56,33,8)
Queue 5:  (39,32,2)(85,33,7)
Queue 6:  (87,31,3)(78,34,5)(26,38,7)
Queue 7:  (10,32,3)(81,34,4)(98,36,7)
Queue 8:  (95,32,3)(51,35,4)(77,37,5)
Queue 9:  (25,31,3)(6,36,5)(60,38,8)
Queue 10:  (29,33,7)(4,38,6)

Time: 55
Waiting clients: 
Queue 1:  (32,33,4)(46,36,4)(76,38,8)
Queue 2:  (100,32,2)(38,34,8)
Queue 3:  (16,32,4)(65,36,6)
Queue 4:  (12,33,1)(56,33,8)
Queue 5:  (39,32,1)(85,33,7)
Queue 6:  (87,31,2)(78,34,5)(26,38,7)
Queue 7:  (10,32,2)(81,34,4)(98,36,7)
Queue 8:  (95,32,2)(51,35,4)(77,37,5)
Queue 9:  (25,31,2)(6,36,5)(60,38,8)
Queue 10:  (29,33,6)(4,38,6)

Time: 56
Waiting clients: 
Queue 1:  (32,33,3)(46,36,4)(76,38,8)
Queue 2:  (100,32,1)(38,34,8)
Queue 3:  (16,32,3)(65,36,6)
Queue 4:  (56,33,8)
Queue 5:  (85,33,7)
Queue 6:  (87,31,1)(78,34,5)(26,38,7)
Queue 7:  (10,32,1)(81,34,4)(98,36,7)
Queue 8:  (95,32,1)(51,35,4)(77,37,5)
Queue 9:  (25,31,1)(6,36,5)(60,38,8)
Queue 10:  (29,33,5)(4,38,6)

Time: 57
Waiting clients: 
Queue 1:  (32,33,2)(46,36,4)(76,38,8)
Queue 2:  (38,34,8)
Queue 3:  (16,32,2)(65,36,6)
Queue 4:  (56,33,7)
Queue 5:  (85,33,6)
Queue 6:  (78,34,5)(26,38,7)
Queue 7:  (81,34,4)(98,36,7)
Queue 8:  (51,35,4)(77,37,5)
Queue 9:  (6,36,5)(60,38,8)
Queue 10:  (29,33,4)(4,38,6)

Time: 58
Waiting clients: 
Queue 1:  (32,33,1)(46,36,4)(76,38,8)
Queue 2:  (38,34,7)
Queue 3:  (16,32,1)(65,36,6)
Queue 4:  (56,33,6)
Queue 5:  (85,33,5)
Queue 6:  (78,34,4)(26,38,7)
Queue 7:  (81,34,3)(98,36,7)
Queue 8:  (51,35,3)(77,37,5)
Queue 9:  (6,36,4)(60,38,8)
Queue 10:  (29,33,3)(4,38,6)

Time: 59
Waiting clients: 
Queue 1:  (46,36,4)(76,38,8)
Queue 2:  (38,34,6)
Queue 3:  (65,36,6)
Queue 4:  (56,33,5)
Queue 5:  (85,33,4)
Queue 6:  (78,34,3)(26,38,7)
Queue 7:  (81,34,2)(98,36,7)
Queue 8:  (51,35,2)(77,37,5)
Queue 9:  (6,36,3)(60,38,8)
Queue 10:  (29,33,2)(4,38,6)

Time: 60
Waiting clients: 
Queue 1:  (46,36,3)(76,38,8)
Queue 2:  (38,34,5)
Queue 3:  (65,36,5)
Queue 4:  (56,33,4)
Queue 5:  (85,33,3)
Queue 6:  (78,34,2)(26,38,7)
Queue 7:  (81,34,1)(98,36,7)
Queue 8:  (51,35,1)(77,37,5)
Queue 9:  (6,36,2)(60,38,8)
Queue 10:  (29,33,1)(4,38,6)

Time: 61
Waiting clients: 
Queue 1:  (46,36,2)(76,38,8)
Queue 2:  (38,34,4)
Queue 3:  (65,36,4)
Queue 4:  (56,33,3)
Queue 5:  (85,33,2)
Queue 6:  (78,34,1)(26,38,7)
Queue 7:  (98,36,7)
Queue 8:  (77,37,5)
Queue 9:  (6,36,1)(60,38,8)
Queue 10:  (4,38,6)

Time: 62
Waiting clients: 
Queue 1:  (46,36,1)(76,38,8)
Queue 2:  (38,34,3)
Queue 3:  (65,36,3)
Queue 4:  (56,33,2)
Queue 5:  (85,33,1)
Queue 6:  (26,38,7)
Queue 7:  (98,36,6)
Queue 8:  (77,37,4)
Queue 9:  (60,38,8)
Queue 10:  (4,38,5)

Time: 63
Waiting clients: 
Queue 1:  (76,38,8)
Queue 2:  (38,34,2)
Queue 3:  (65,36,2)
Queue 4:  (56,33,1)
Queue 5:  closed
Queue 6:  (26,38,6)
Queue 7:  (98,36,5)
Queue 8:  (77,37,3)
Queue 9:  (60,38,7)
Queue 10:  (4,38,4)

Time: 64
Waiting clients: 
Queue 1:  (76,38,7)
Queue 2:  (38,34,1)
Queue 3:  (65,36,1)
Queue 4:  closed
Queue 5:  closed
Queue 6:  (26,38,5)
Queue 7:  (98,36,4)
Queue 8:  (77,37,2)
Queue 9:  (60,38,6)
Queue 10:  (4,38,3)

Time: 65
Waiting clients: 
Queue 1:  (76,38,6)
Queue 2:  closed
Queue 3:  closed
Queue 4:  closed
Queue 5:  closed
Queue 6:  (26,38,4)
Queue 7:  (98,36,3)
Queue 8:  (77,37,1)
Queue 9:  (60,38,5)
Queue 10:  (4,38,2)

Time: 66
Waiting clients: 
Queue 1:  (76,38,5)
Queue 2:  closed
Queue 3:  closed
Queue 4:  closed
Queue 5:  closed
Queue 6:  (26,38,3)
Queue 7:  (98,36,2)
Queue 8:  closed
Queue 9:  (60,38,4)
Queue 10:  (4,38,1)

Time: 67
Waiting clients: 
Queue 1:  (76,38,4)
Queue 2:  closed
Queue 3:  closed
Queue 4:  closed
Queue 5:  closed
Queue 6:  (26,38,2)
Queue 7:  (98,36,1)
Queue 8:  closed
Queue 9:  (60,38,3)
Queue 10:  closed

Time: 68
Waiting clients: 
Queue 1:  (76,38,3)
Queue 2:  closed
Queue 3:  closed
Queue 4:  closed
Queue 5:  closed
Queue 6:  (26,38,1)
Queue 7:  closed
Queue 8:  closed
Queue 9:  (60,38,2)
Queue 10:  closed

Time: 69
Waiting clients: 
Queue 1:  (76,38,2)
Queue 2:  closed
Queue 3:  closed
Queue 4:  closed
Queue 5:  closed
Queue 6:  closed
Queue 7:  closed
Queue 8:  closed
Queue 9:  (60,38,1)
Queue 10:  closed

Time: 70
Waiting clients: 
Queue 1:  (76,38,1)
Queue 2:  closed
Queue 3:  closed
Queue 4:  closed
Queue 5:  closed
Queue 6:  closed
Queue 7:  closed
Queue 8:  closed
Queue 9:  closed
Queue 10:  closed

Time: 71
Waiting clients: 
Queue 1:  closed
Queue 2:  closed
Queue 3:  closed
Queue 4:  closed
Queue 5:  closed
Queue 6:  closed
Queue 7:  closed
Queue 8:  closed
Queue 9:  closed
Queue 10:  closed

Time: 72
Waiting clients: 
Queue 1:  closed
Queue 2:  closed
Queue 3:  closed
Queue 4:  closed
Queue 5:  closed
Queue 6:  closed
Queue 7:  closed
Queue 8:  closed
Queue 9:  closed
Queue 10:  closed

Time: 73
Waiting clients: 
Queue 1:  closed
Queue 2:  closed
Queue 3:  closed
Queue 4:  closed
Queue 5:  closed
Queue 6:  closed
Queue 7:  closed
Queue 8:  closed
Queue 9:  closed
Queue 10:  closed

Time: 74
Waiting clients: 
Queue 1:  closed
Queue 2:  closed
Queue 3:  closed
Queue 4:  closed
Queue 5:  closed
Queue 6:  closed
Queue 7:  closed
Queue 8:  closed
Queue 9:  closed
Queue 10:  closed

Time: 75
Waiting clients: 
Queue 1:  closed
Queue 2:  closed
Queue 3:  closed
Queue 4:  closed
Queue 5:  closed
Queue 6:  closed
Queue 7:  closed
Queue 8:  closed
Queue 9:  closed
Queue 10:  closed

Time: 76
Waiting clients: 
Queue 1:  closed
Queue 2:  closed
Queue 3:  closed
Queue 4:  closed
Queue 5:  closed
Queue 6:  closed
Queue 7:  closed
Queue 8:  closed
Queue 9:  closed
Queue 10:  closed

Time: 77
Waiting clients: 
Queue 1:  closed
Queue 2:  closed
Queue 3:  closed
Queue 4:  closed
Queue 5:  closed
Queue 6:  closed
Queue 7:  closed
Queue 8:  closed
Queue 9:  closed
Queue 10:  closed

Time: 78
Waiting clients: 
Queue 1:  closed
Queue 2:  closed
Queue 3:  closed
Queue 4:  closed
Queue 5:  closed
Queue 6:  closed
Queue 7:  closed
Queue 8:  closed
Queue 9:  closed
Queue 10:  closed

Time: 79
Waiting clients: 
Queue 1:  closed
Queue 2:  closed
Queue 3:  closed
Queue 4:  closed
Queue 5:  closed
Queue 6:  closed
Queue 7:  closed
Queue 8:  closed
Queue 9:  closed
Queue 10:  closed

Time: 80
Waiting clients: 
Queue 1:  closed
Queue 2:  closed
Queue 3:  closed
Queue 4:  closed
Queue 5:  closed
Queue 6:  closed
Queue 7:  closed
Queue 8:  closed
Queue 9:  closed
Queue 10:  closed

Time: 81
Waiting clients: 
Queue 1:  closed
Queue 2:  closed
Queue 3:  closed
Queue 4:  closed
Queue 5:  closed
Queue 6:  closed
Queue 7:  closed
Queue 8:  closed
Queue 9:  closed
Queue 10:  closed

Time: 82
Waiting clients: 
Queue 1:  closed
Queue 2:  closed
Queue 3:  closed
Queue 4:  closed
Queue 5:  closed
Queue 6:  closed
Queue 7:  closed
Queue 8:  closed
Queue 9:  closed
Queue 10:  closed

Time: 83
Waiting clients: 
Queue 1:  closed
Queue 2:  closed
Queue 3:  closed
Queue 4:  closed
Queue 5:  closed
Queue 6:  closed
Queue 7:  closed
Queue 8:  closed
Queue 9:  closed
Queue 10:  closed

Time: 84
Waiting clients: 
Queue 1:  closed
Queue 2:  closed
Queue 3:  closed
Queue 4:  closed
Queue 5:  closed
Queue 6:  closed
Queue 7:  closed
Queue 8:  closed
Queue 9:  closed
Queue 10:  closed

Time: 85
Waiting clients: 
Queue 1:  closed
Queue 2:  closed
Queue 3:  closed
Queue 4:  closed
Queue 5:  closed
Queue 6:  closed
Queue 7:  closed
Queue 8:  closed
Queue 9:  closed
Queue 10:  closed

Time: 86
Waiting clients: 
Queue 1:  closed
Queue 2:  closed
Queue 3:  closed
Queue 4:  closed
Queue 5:  closed
Queue 6:  closed
Queue 7:  closed
Queue 8:  closed
Queue 9:  closed
Queue 10:  closed

Time: 87
Waiting clients: 
Queue 1:  closed
Queue 2:  closed
Queue 3:  closed
Queue 4:  closed
Queue 5:  closed
Queue 6:  closed
Queue 7:  closed
Queue 8:  closed
Queue 9:  closed
Queue 10:  closed

Time: 88
Waiting clients: 
Queue 1:  closed
Queue 2:  closed
Queue 3:  closed
Queue 4:  closed
Queue 5:  closed
Queue 6:  closed
Queue 7:  closed
Queue 8:  closed
Queue 9:  closed
Queue 10:  closed

Time: 89
Waiting clients: 
Queue 1:  closed
Queue 2:  closed
Queue 3:  closed
Queue 4:  closed
Queue 5:  closed
Queue 6:  closed
Queue 7:  closed
Queue 8:  closed
Queue 9:  closed
Queue 10:  closed

Time: 90
Waiting clients: 
Queue 1:  closed
Queue 2:  closed
Queue 3:  closed
Queue 4:  closed
Queue 5:  closed
Queue 6:  closed
Queue 7:  closed
Queue 8:  closed
Queue 9:  closed
Queue 10:  closed

Time: 91
Waiting clients: 
Queue 1:  closed
Queue 2:  closed
Queue 3:  closed
Queue 4:  closed
Queue 5:  closed
Queue 6:  closed
Queue 7:  closed
Queue 8:  closed
Queue 9:  closed
Queue 10:  closed

Time: 92
Waiting clients: 
Queue 1:  closed
Queue 2:  closed
Queue 3:  closed
Queue 4:  closed
Queue 5:  closed
Queue 6:  closed
Queue 7:  closed
Queue 8:  closed
Queue 9:  closed
Queue 10:  closed

Time: 93
Waiting clients: 
Queue 1:  closed
Queue 2:  closed
Queue 3:  closed
Queue 4:  closed
Queue 5:  closed
Queue 6:  closed
Queue 7:  closed
Queue 8:  closed
Queue 9:  closed
Queue 10:  closed

Time: 94
Waiting clients: 
Queue 1:  closed
Queue 2:  closed
Queue 3:  closed
Queue 4:  closed
Queue 5:  closed
Queue 6:  closed
Queue 7:  closed
Queue 8:  closed
Queue 9:  closed
Queue 10:  closed

Time: 95
Waiting clients: 
Queue 1:  closed
Queue 2:  closed
Queue 3:  closed
Queue 4:  closed
Queue 5:  closed
Queue 6:  closed
Queue 7:  closed
Queue 8:  closed
Queue 9:  closed
Queue 10:  closed

Time: 96
Waiting clients: 
Queue 1:  closed
Queue 2:  closed
Queue 3:  closed
Queue 4:  closed
Queue 5:  closed
Queue 6:  closed
Queue 7:  closed
Queue 8:  closed
Queue 9:  closed
Queue 10:  closed

Time: 97
Waiting clients: 
Queue 1:  closed
Queue 2:  closed
Queue 3:  closed
Queue 4:  closed
Queue 5:  closed
Queue 6:  closed
Queue 7:  closed
Queue 8:  closed
Queue 9:  closed
Queue 10:  closed

Time: 98
Waiting clients: 
Queue 1:  closed
Queue 2:  closed
Queue 3:  closed
Queue 4:  closed
Queue 5:  closed
Queue 6:  closed
Queue 7:  closed
Queue 8:  closed
Queue 9:  closed
Queue 10:  closed

Time: 99
Waiting clients: 
Queue 1:  closed
Queue 2:  closed
Queue 3:  closed
Queue 4:  closed
Queue 5:  closed
Queue 6:  closed
Queue 7:  closed
Queue 8:  closed
Queue 9:  closed
Queue 10:  closed
