
Time: 0
Waiting clients: (14,2,5)(7,3,4)(34,3,1)(13,6,1)(1,7,4)(5,7,1)(20,8,4)(45,10,5)(11,11,1)(8,12,4)(24,12,1)(27,12,4)(40,12,5)(46,13,3)(15,14,4)(21,15,2)(30,15,5)(41,15,6)(10,16,2)(38,17,2)(43,17,1)(47,17,3)(4,18,6)(17,18,5)(22,18,2)(23,18,5)(29,18,2)(48,18,5)(12,19,5)(31,21,4)(49,21,4)(26,22,3)(44,23,1)(35,24,2)(28,26,4)(37,26,1)(6,27,5)(18,27,4)(19,27,6)(16,28,4)(42,30,5)(2,31,5)(9,31,3)(25,32,6)(32,34,1)(39,35,3)(33,36,4)(36,36,3)(50,37,2)(3,38,3)
Queue 1:  closed
Queue 2:  closed
Queue 3:  closed
Queue 4:  closed
Queue 5:  closed

Time: 1
Waiting clients: (14,2,5)(7,3,4)(34,3,1)(13,6,1)(1,7,4)(5,7,1)(20,8,4)(45,10,5)(11,11,1)(8,12,4)(24,12,1)(27,12,4)(40,12,5)(46,13,3)(15,14,4)(21,15,2)(30,15,5)(41,15,6)(10,16,2)(38,17,2)(43,17,1)(47,17,3)(4,18,6)(17,18,5)(22,18,2)(23,18,5)(29,18,2)(48,18,5)(12,19,5)(31,21,4)(49,21,4)(26,22,3)(44,23,1)(35,24,2)(28,26,4)(37,26,1)(6,27,5)(18,27,4)(19,27,6)(16,28,4)(42,30,5)(2,31,5)(9,31,3)(25,32,6)(32,34,1)(39,35,3)(33,36,4)(36,36,3)(50,37,2)(3,38,3)
Queue 1:  closed
Queue 2:  closed
Queue 3:  closed
Queue 4:  closed
Queue 5:  closed

Time: 2
Waiting clients: (7,3,4)(34,3,1)(13,6,1)(1,7,4)(5,7,1)(20,8,4)(45,10,5)(11,11,1)(8,12,4)(24,12,1)(27,12,4)(40,12,5)(46,13,3)(15,14,4)(21,15,2)(30,15,5)(41,15,6)(10,16,2)(38,17,2)(43,17,1)(47,17,3)(4,18,6)(17,18,5)(22,18,2)(23,18,5)(29,18,2)(48,18,5)(12,19,5)(31,21,4)(49,21,4)(26,22,3)(44,23,1)(35,24,2)(28,26,4)(37,26,1)(6,27,5)(18,27,4)(19,27,6)(16,28,4)(42,30,5)(2,31,5)(9,31,3)(25,32,6)(32,34,1)(39,35,3)(33,36,4)(36,36,3)(50,37,2)(3,38,3)
Queue 1:  (14,2,5)
Queue 2:  closed
Queue 3:  closed
Queue 4:  closed
Queue 5:  closed

Time: 3
Waiting clients: (13,6,1)(1,7,4)(5,7,1)(20,8,4)(45,10,5)(11,11,1)(8,12,4)(24,12,1)(27,12,4)(40,12,5)(46,13,3)(15,14,4)(21,15,2)(30,15,5)(41,15,6)(10,16,2)(38,17,2)(43,17,1)(47,17,3)(4,18,6)(17,18,5)(22,18,2)(23,18,5)(29,18,2)(48,18,5)(12,19,5)(31,21,4)(49,21,4)(26,22,3)(44,23,1)(35,24,2)(28,26,4)(37,26,1)(6,27,5)(18,27,4)(19,27,6)(16,28,4)(42,30,5)(2,31,5)(9,31,3)(25,32,6)(32,34,1)(39,35,3)(33,36,4)(36,36,3)(50,37,2)(3,38,3)
Queue 1:  (14,2,4)
Queue 2:  (7,3,4)
Queue 3:  (34,3,1)
Queue 4:  closed
Queue 5:  closed

Time: 4
Waiting clients: (13,6,1)(1,7,4)(5,7,1)(20,8,4)(45,10,5)(11,11,1)(8,12,4)(24,12,1)(27,12,4)(40,12,5)(46,13,3)(15,14,4)(21,15,2)(30,15,5)(41,15,6)(10,16,2)(38,17,2)(43,17,1)(47,17,3)(4,18,6)(17,18,5)(22,18,2)(23,18,5)(29,18,2)(48,18,5)(12,19,5)(31,21,4)(49,21,4)(26,22,3)(44,23,1)(35,24,2)(28,26,4)(37,26,1)(6,27,5)(18,27,4)(19,27,6)(16,28,4)(42,30,5)(2,31,5)(9,31,3)(25,32,6)(32,34,1)(39,35,3)(33,36,4)(36,36,3)(50,37,2)(3,38,3)
Queue 1:  (14,2,3)
Queue 2:  (7,3,3)
Queue 3:  closed
Queue 4:  closed
Queue 5:  closed

Time: 5
Waiting clients: (13,6,1)(1,7,4)(5,7,1)(20,8,4)(45,10,5)(11,11,1)(8,12,4)(24,12,1)(27,12,4)(40,12,5)(46,13,3)(15,14,4)(21,15,2)(30,15,5)(41,15,6)(10,16,2)(38,17,2)(43,17,1)(47,17,3)(4,18,6)(17,18,5)(22,18,2)(23,18,5)(29,18,2)(48,18,5)(12,19,5)(31,21,4)(49,21,4)(26,22,3)(44,23,1)(35,24,2)(28,26,4)(37,26,1)(6,27,5)(18,27,4)(19,27,6)(16,28,4)(42,30,5)(2,31,5)(9,31,3)(25,32,6)(32,34,1)(39,35,3)(33,36,4)(36,36,3)(50,37,2)(3,38,3)
Queue 1:  (14,2,2)
Queue 2:  (7,3,2)
Queue 3:  closed
Queue 4:  closed
Queue 5:  closed

Time: 6
Waiting clients: (1,7,4)(5,7,1)(20,8,4)(45,10,5)(11,11,1)(8,12,4)(24,12,1)(27,12,4)(40,12,5)(46,13,3)(15,14,4)(21,15,2)(30,15,5)(41,15,6)(10,16,2)(38,17,2)(43,17,1)(47,17,3)(4,18,6)(17,18,5)(22,18,2)(23,18,5)(29,18,2)(48,18,5)(12,19,5)(31,21,4)(49,21,4)(26,22,3)(44,23,1)(35,24,2)(28,26,4)(37,26,1)(6,27,5)(18,27,4)(19,27,6)(16,28,4)(42,30,5)(2,31,5)(9,31,3)(25,32,6)(32,34,1)(39,35,3)(33,36,4)(36,36,3)(50,37,2)(3,38,3)
Queue 1:  (14,2,1)
Queue 2:  (7,3,1)
Queue 3:  (13,6,1)
Queue 4:  closed
Queue 5:  closed

Time: 7
Waiting clients: (20,8,4)(45,10,5)(11,11,1)(8,12,4)(24,12,1)(27,12,4)(40,12,5)(46,13,3)(15,14,4)(21,15,2)(30,15,5)(41,15,6)(10,16,2)(38,17,2)(43,17,1)(47,17,3)(4,18,6)(17,18,5)(22,18,2)(23,18,5)(29,18,2)(48,18,5)(12,19,5)(31,21,4)(49,21,4)(26,22,3)(44,23,1)(35,24,2)(28,26,4)(37,26,1)(6,27,5)(18,27,4)(19,27,6)(16,28,4)(42,30,5)(2,31,5)(9,31,3)(25,32,6)(32,34,1)(39,35,3)(33,36,4)(36,36,3)(50,37,2)(3,38,3)
Queue 1:  (1,7,4)
Queue 2:  (5,7,1)
Queue 3:  closed
Queue 4:  closed
Queue 5:  closed

Time: 8
Waiting clients: (45,10,5)(11,11,1)(8,12,4)(24,12,1)(27,12,4)(40,12,5)(46,13,3)(15,14,4)(21,15,2)(30,15,5)(41,15,6)(10,16,2)(38,17,2)(43,17,1)(47,17,3)(4,18,6)(17,18,5)(22,18,2)(23,18,5)(29,18,2)(48,18,5)(12,19,5)(31,21,4)(49,21,4)(26,22,3)(44,23,1)(35,24,2)(28,26,4)(37,26,1)(6,27,5)(18,27,4)(19,27,6)(16,28,4)(42,30,5)(2,31,5)(9,31,3)(25,32,6)(32,34,1)(39,35,3)(33,36,4)(36,36,3)(50,37,2)(3,38,3)
Queue 1:  (1,7,3)
Queue 2:  (20,8,4)
Queue 3:  closed
Queue 4:  closed
Queue 5:  closed

Time: 9
Waiting clients: (45,10,5)(11,11,1)(8,12,4)(24,12,1)(27,12,4)(40,12,5)(46,13,3)(15,14,4)(21,15,2)(30,15,5)(41,15,6)(10,16,2)(38,17,2)(43,17,1)(47,17,3)(4,18,6)(17,18,5)(22,18,2)(23,18,5)(29,18,2)(48,18,5)(12,19,5)(31,21,4)(49,21,4)(26,22,3)(44,23,1)(35,24,2)(28,26,4)(37,26,1)(6,27,5)(18,27,4)(19,27,6)(16,28,4)(42,30,5)(2,31,5)(9,31,3)(25,32,6)(32,34,1)(39,35,3)(33,36,4)(36,36,3)(50,37,2)(3,38,3)
Queue 1:  (1,7,2)
Queue 2:  (20,8,3)
Queue 3:  closed
Queue 4:  closed
Queue 5:  closed

Time: 10
Waiting clients: (11,11,1)(8,12,4)(24,12,1)(27,12,4)(40,12,5)(46,13,3)(15,14,4)(21,15,2)(30,15,5)(41,15,6)(10,16,2)(38,17,2)(43,17,1)(47,17,3)(4,18,6)(17,18,5)(22,18,2)(23,18,5)(29,18,2)(48,18,5)(12,19,5)(31,21,4)(49,21,4)(26,22,3)(44,23,1)(35,24,2)(28,26,4)(37,26,1)(6,27,5)(18,27,4)(19,27,6)(16,28,4)(42,30,5)(2,31,5)(9,31,3)(25,32,6)(32,34,1)(39,35,3)(33,36,4)(36,36,3)(50,37,2)(3,38,3)
Queue 1:  (1,7,1)
Queue 2:  (20,8,2)
Queue 3:  (45,10,5)
Queue 4:  closed
Queue 5:  closed

Time: 11
Waiting clients: (8,12,4)(24,12,1)(27,12,4)(40,12,5)(46,13,3)(15,14,4)(21,15,2)(30,15,5)(41,15,6)(10,16,2)(38,17,2)(43,17,1)(47,17,3)(4,18,6)(17,18,5)(22,18,2)(23,18,5)(29,18,2)(48,18,5)(12,19,5)(31,21,4)(49,21,4)(26,22,3)(44,23,1)(35,24,2)(28,26,4)(37,26,1)(6,27,5)(18,27,4)(19,27,6)(16,28,4)(42,30,5)(2,31,5)(9,31,3)(25,32,6)(32,34,1)(39,35,3)(33,36,4)(36,36,3)(50,37,2)(3,38,3)
Queue 1:  (11,11,1)
Queue 2:  (20,8,1)
Queue 3:  (45,10,4)
Queue 4:  closed
Queue 5:  closed

Time: 12
Waiting clients: (46,13,3)(15,14,4)(21,15,2)(30,15,5)(41,15,6)(10,16,2)(38,17,2)(43,17,1)(47,17,3)(4,18,6)(17,18,5)(22,18,2)(23,18,5)(29,18,2)(48,18,5)(12,19,5)(31,21,4)(49,21,4)(26,22,3)(44,23,1)(35,24,2)(28,26,4)(37,26,1)(6,27,5)(18,27,4)(19,27,6)(16,28,4)(42,30,5)(2,31,5)(9,31,3)(25,32,6)(32,34,1)(39,35,3)(33,36,4)(36,36,3)(50,37,2)(3,38,3)
Queue 1:  (8,12,4)
Queue 2:  (24,12,1)
Queue 3:  (45,10,3)
Queue 4:  (27,12,4)
Queue 5:  (40,12,5)

Time: 13
Waiting clients: (15,14,4)(21,15,2)(30,15,5)(41,15,6)(10,16,2)(38,17,2)(43,17,1)(47,17,3)(4,18,6)(17,18,5)(22,18,2)(23,18,5)(29,18,2)(48,18,5)(12,19,5)(31,21,4)(49,21,4)(26,22,3)(44,23,1)(35,24,2)(28,26,4)(37,26,1)(6,27,5)(18,27,4)(19,27,6)(16,28,4)(42,30,5)(2,31,5)(9,31,3)(25,32,6)(32,34,1)(39,35,3)(33,36,4)(36,36,3)(50,37,2)(3,38,3)
Queue 1:  (8,12,3)
Queue 2:  (46,13,3)
Queue 3:  (45,10,2)
Queue 4:  (27,12,3)
Queue 5:  (40,12,4)

Time: 14
Waiting clients: (21,15,2)(30,15,5)(41,15,6)(10,16,2)(38,17,2)(43,17,1)(47,17,3)(4,18,6)(17,18,5)(22,18,2)(23,18,5)(29,18,2)(48,18,5)(12,19,5)(31,21,4)(49,21,4)(26,22,3)(44,23,1)(35,24,2)(28,26,4)(37,26,1)(6,27,5)(18,27,4)(19,27,6)(16,28,4)(42,30,5)(2,31,5)(9,31,3)(25,32,6)(32,34,1)(39,35,3)(33,36,4)(36,36,3)(50,37,2)(3,38,3)
Queue 1:  (8,12,2)
Queue 2:  (46,13,2)
Queue 3:  (45,10,1)(15,14,4)
Queue 4:  (27,12,2)
Queue 5:  (40,12,3)

Time: 15
Waiting clients: (10,16,2)(38,17,2)(43,17,1)(47,17,3)(4,18,6)(17,18,5)(22,18,2)(23,18,5)(29,18,2)(48,18,5)(12,19,5)(31,21,4)(49,21,4)(26,22,3)(44,23,1)(35,24,2)(28,26,4)(37,26,1)(6,27,5)(18,27,4)(19,27,6)(16,28,4)(42,30,5)(2,31,5)(9,31,3)(25,32,6)(32,34,1)(39,35,3)(33,36,4)(36,36,3)(50,37,2)(3,38,3)
Queue 1:  (8,12,1)(21,15,2)
Queue 2:  (46,13,1)(30,15,5)
Queue 3:  (15,14,4)
Queue 4:  (27,12,1)(41,15,6)
Queue 5:  (40,12,2)

Time: 16
Waiting clients: (38,17,2)(43,17,1)(47,17,3)(4,18,6)(17,18,5)(22,18,2)(23,18,5)(29,18,2)(48,18,5)(12,19,5)(31,21,4)(49,21,4)(26,22,3)(44,23,1)(35,24,2)(28,26,4)(37,26,1)(6,27,5)(18,27,4)(19,27,6)(16,28,4)(42,30,5)(2,31,5)(9,31,3)(25,32,6)(32,34,1)(39,35,3)(33,36,4)(36,36,3)(50,37,2)(3,38,3)
Queue 1:  (21,15,2)
Queue 2:  (30,15,5)
Queue 3:  (15,14,3)
Queue 4:  (41,15,6)
Queue 5:  (40,12,1)(10,16,2)

Time: 17
Waiting clients: (4,18,6)(17,18,5)(22,18,2)(23,18,5)(29,18,2)(48,18,5)(12,19,5)(31,21,4)(49,21,4)(26,22,3)(44,23,1)(35,24,2)(28,26,4)(37,26,1)(6,27,5)(18,27,4)(19,27,6)(16,28,4)(42,30,5)(2,31,5)(9,31,3)(25,32,6)(32,34,1)(39,35,3)(33,36,4)(36,36,3)(50,37,2)(3,38,3)
Queue 1:  (21,15,1)(38,17,2)
Queue 2:  (30,15,4)
Queue 3:  (15,14,2)(43,17,1)
Queue 4:  (41,15,5)
Queue 5:  (10,16,2)(47,17,3)

Time: 18
Waiting clients: (12,19,5)(31,21,4)(49,21,4)(26,22,3)(44,23,1)(35,24,2)(28,26,4)(37,26,1)(6,27,5)(18,27,4)(19,27,6)(16,28,4)(42,30,5)(2,31,5)(9,31,3)(25,32,6)(32,34,1)(39,35,3)(33,36,4)(36,36,3)(50,37,2)(3,38,3)
Queue 1:  (38,17,2)(4,18,6)
Queue 2:  (30,15,3)(22,18,2)(48,18,5)
Queue 3:  (15,14,1)(43,17,1)(17,18,5)
Queue 4:  (41,15,4)(23,18,5)
Queue 5:  (10,16,1)(47,17,3)(29,18,2)

Time: 19
Waiting clients: (31,21,4)(49,21,4)(26,22,3)(44,23,1)(35,24,2)(28,26,4)(37,26,1)(6,27,5)(18,27,4)(19,27,6)(16,28,4)(42,30,5)(2,31,5)(9,31,3)(25,32,6)(32,34,1)(39,35,3)(33,36,4)(36,36,3)(50,37,2)(3,38,3)
Queue 1:  (38,17,1)(4,18,6)
Queue 2:  (30,15,2)(22,18,2)(48,18,5)
Queue 3:  (43,17,1)(17,18,5)
Queue 4:  (41,15,3)(23,18,5)
Queue 5:  (47,17,3)(29,18,2)(12,19,5)

Time: 20
Waiting clients: (31,21,4)(49,21,4)(26,22,3)(44,23,1)(35,24,2)(28,26,4)(37,26,1)(6,27,5)(18,27,4)(19,27,6)(16,28,4)(42,30,5)(2,31,5)(9,31,3)(25,32,6)(32,34,1)(39,35,3)(33,36,4)(36,36,3)(50,37,2)(3,38,3)
Queue 1:  (4,18,6)
Queue 2:  (30,15,1)(22,18,2)(48,18,5)
Queue 3:  (17,18,5)
Queue 4:  (41,15,2)(23,18,5)
Queue 5:  (47,17,2)(29,18,2)(12,19,5)

Time: 21
Waiting clients: (26,22,3)(44,23,1)(35,24,2)(28,26,4)(37,26,1)(6,27,5)(18,27,4)(19,27,6)(16,28,4)(42,30,5)(2,31,5)(9,31,3)(25,32,6)(32,34,1)(39,35,3)(33,36,4)(36,36,3)(50,37,2)(3,38,3)
Queue 1:  (4,18,5)(49,21,4)
Queue 2:  (22,18,2)(48,18,5)
Queue 3:  (17,18,4)(31,21,4)
Queue 4:  (41,15,1)(23,18,5)
Queue 5:  (47,17,1)(29,18,2)(12,19,5)

Time: 22
Waiting clients: (44,23,1)(35,24,2)(28,26,4)(37,26,1)(6,27,5)(18,27,4)(19,27,6)(16,28,4)(42,30,5)(2,31,5)(9,31,3)(25,32,6)(32,34,1)(39,35,3)(33,36,4)(36,36,3)(50,37,2)(3,38,3)
Queue 1:  (4,18,4)(49,21,4)
Queue 2:  (22,18,1)(48,18,5)
Queue 3:  (17,18,3)(31,21,4)
Queue 4:  (23,18,5)(26,22,3)
Queue 5:  (29,18,2)(12,19,5)

Time: 23
Waiting clients: (35,24,2)(28,26,4)(37,26,1)(6,27,5)(18,27,4)(19,27,6)(16,28,4)(42,30,5)(2,31,5)(9,31,3)(25,32,6)(32,34,1)(39,35,3)(33,36,4)(36,36,3)(50,37,2)(3,38,3)
Queue 1:  (4,18,3)(49,21,4)
Queue 2:  (48,18,5)(44,23,1)
Queue 3:  (17,18,2)(31,21,4)
Queue 4:  (23,18,4)(26,22,3)
Queue 5:  (29,18,1)(12,19,5)

Time: 24
Waiting clients: (28,26,4)(37,26,1)(6,27,5)(18,27,4)(19,27,6)(16,28,4)(42,30,5)(2,31,5)(9,31,3)(25,32,6)(32,34,1)(39,35,3)(33,36,4)(36,36,3)(50,37,2)(3,38,3)
Queue 1:  (4,18,2)(49,21,4)
Queue 2:  (48,18,4)(44,23,1)(35,24,2)
Queue 3:  (17,18,1)(31,21,4)
Queue 4:  (23,18,3)(26,22,3)
Queue 5:  (12,19,5)

Time: 25
Waiting clients: (28,26,4)(37,26,1)(6,27,5)(18,27,4)(19,27,6)(16,28,4)(42,30,5)(2,31,5)(9,31,3)(25,32,6)(32,34,1)(39,35,3)(33,36,4)(36,36,3)(50,37,2)(3,38,3)
Queue 1:  (4,18,1)(49,21,4)
Queue 2:  (48,18,3)(44,23,1)(35,24,2)
Queue 3:  (31,21,4)
Queue 4:  (23,18,2)(26,22,3)
Queue 5:  (12,19,4)

Time: 26
Waiting clients: (6,27,5)(18,27,4)(19,27,6)(16,28,4)(42,30,5)(2,31,5)(9,31,3)(25,32,6)(32,34,1)(39,35,3)(33,36,4)(36,36,3)(50,37,2)(3,38,3)
Queue 1:  (49,21,4)
Queue 2:  (48,18,2)(44,23,1)(35,24,2)
Queue 3:  (31,21,3)(28,26,4)
Queue 4:  (23,18,1)(26,22,3)
Queue 5:  (12,19,3)(37,26,1)

Time: 27
Waiting clients: (16,28,4)(42,30,5)(2,31,5)(9,31,3)(25,32,6)(32,34,1)(39,35,3)(33,36,4)(36,36,3)(50,37,2)(3,38,3)
Queue 1:  (49,21,3)(6,27,5)
Queue 2:  (48,18,1)(44,23,1)(35,24,2)
Queue 3:  (31,21,2)(28,26,4)
Queue 4:  (26,22,3)(18,27,4)
Queue 5:  (12,19,2)(37,26,1)(19,27,6)

Time: 28
Waiting clients: (42,30,5)(2,31,5)(9,31,3)(25,32,6)(32,34,1)(39,35,3)(33,36,4)(36,36,3)(50,37,2)(3,38,3)
Queue 1:  (49,21,2)(6,27,5)
Queue 2:  (44,23,1)(35,24,2)(16,28,4)
Queue 3:  (31,21,1)(28,26,4)
Queue 4:  (26,22,2)(18,27,4)
Queue 5:  (12,19,1)(37,26,1)(19,27,6)

Time: 29
Waiting clients: (42,30,5)(2,31,5)(9,31,3)(25,32,6)(32,34,1)(39,35,3)(33,36,4)(36,36,3)(50,37,2)(3,38,3)
Queue 1:  (49,21,1)(6,27,5)
Queue 2:  (35,24,2)(16,28,4)
Queue 3:  (28,26,4)
Queue 4:  (26,22,1)(18,27,4)
Queue 5:  (37,26,1)(19,27,6)

Time: 30
Waiting clients: (2,31,5)(9,31,3)(25,32,6)(32,34,1)(39,35,3)(33,36,4)(36,36,3)(50,37,2)(3,38,3)
Queue 1:  (6,27,5)
Queue 2:  (35,24,1)(16,28,4)
Queue 3:  (28,26,3)(42,30,5)
Queue 4:  (18,27,4)
Queue 5:  (19,27,6)

Time: 31
Waiting clients: (25,32,6)(32,34,1)(39,35,3)(33,36,4)(36,36,3)(50,37,2)(3,38,3)
Queue 1:  (6,27,4)(9,31,3)
Queue 2:  (16,28,4)
Queue 3:  (28,26,2)(42,30,5)
Queue 4:  (18,27,3)(2,31,5)
Queue 5:  (19,27,5)

Time: 32
Waiting clients: (32,34,1)(39,35,3)(33,36,4)(36,36,3)(50,37,2)(3,38,3)
Queue 1:  (6,27,3)(9,31,3)
Queue 2:  (16,28,3)(25,32,6)
Queue 3:  (28,26,1)(42,30,5)
Queue 4:  (18,27,2)(2,31,5)
Queue 5:  (19,27,4)

Time: 33
Waiting clients: (32,34,1)(39,35,3)(33,36,4)(36,36,3)(50,37,2)(3,38,3)
Queue 1:  (6,27,2)(9,31,3)
Queue 2:  (16,28,2)(25,32,6)
Queue 3:  (42,30,5)
Queue 4:  (18,27,1)(2,31,5)
Queue 5:  (19,27,3)

Time: 34
Waiting clients: (39,35,3)(33,36,4)(36,36,3)(50,37,2)(3,38,3)
Queue 1:  (6,27,1)(9,31,3)
Queue 2:  (16,28,1)(25,32,6)
Queue 3:  (42,30,4)
Queue 4:  (2,31,5)
Queue 5:  (19,27,2)(32,34,1)

Time: 35
Waiting clients: (33,36,4)(36,36,3)(50,37,2)(3,38,3)
Queue 1:  (9,31,3)
Queue 2:  (25,32,6)
Queue 3:  (42,30,3)
Queue 4:  (2,31,4)
Queue 5:  (19,27,1)(32,34,1)(39,35,3)

Time: 36
Waiting clients: (50,37,2)(3,38,3)
Queue 1:  (9,31,2)(33,36,4)
Queue 2:  (25,32,5)
Queue 3:  (42,30,2)(36,36,3)
Queue 4:  (2,31,3)
Queue 5:  (32,34,1)(39,35,3)

Time: 37
Waiting clients: (3,38,3)
Queue 1:  (9,31,1)(33,36,4)
Queue 2:  (25,32,4)
Queue 3:  (42,30,1)(36,36,3)
Queue 4:  (2,31,2)(50,37,2)
Queue 5:  (39,35,3)

Time: 38
Waiting clients: 
Queue 1:  (33,36,4)
Queue 2:  (25,32,3)
Queue 3:  (36,36,3)
Queue 4:  (2,31,1)(50,37,2)
Queue 5:  (39,35,2)(3,38,3)

Time: 39
Waiting clients: 
Queue 1:  (33,36,3)
Queue 2:  (25,32,2)
Queue 3:  (36,36,2)
Queue 4:  (50,37,2)
Queue 5:  (39,35,1)(3,38,3)

Time: 40
Waiting clients: 
Queue 1:  (33,36,2)
Queue 2:  (25,32,1)
Queue 3:  (36,36,1)
Queue 4:  (50,37,1)
Queue 5:  (3,38,3)

Time: 41
Waiting clients: 
Queue 1:  (33,36,1)
Queue 2:  closed
Queue 3:  closed
Queue 4:  closed
Queue 5:  (3,38,2)

Time: 42
Waiting clients: 
Queue 1:  closed
Queue 2:  closed
Queue 3:  closed
Queue 4:  closed
Queue 5:  (3,38,1)

Time: 43
Waiting clients: 
Queue 1:  closed
Queue 2:  closed
Queue 3:  closed
Queue 4:  closed
Queue 5:  closed

Time: 44
Waiting clients: 
Queue 1:  closed
Queue 2:  closed
Queue 3:  closed
Queue 4:  closed
Queue 5:  closed

Time: 45
Waiting clients: 
Queue 1:  closed
Queue 2:  closed
Queue 3:  closed
Queue 4:  closed
Queue 5:  closed

Time: 46
Waiting clients: 
Queue 1:  closed
Queue 2:  closed
Queue 3:  closed
Queue 4:  closed
Queue 5:  closed

Time: 47
Waiting clients: 
Queue 1:  closed
Queue 2:  closed
Queue 3:  closed
Queue 4:  closed
Queue 5:  closed

Time: 48
Waiting clients: 
Queue 1:  closed
Queue 2:  closed
Queue 3:  closed
Queue 4:  closed
Queue 5:  closed

Time: 49
Waiting clients: 
Queue 1:  closed
Queue 2:  closed
Queue 3:  closed
Queue 4:  closed
Queue 5:  closed

Time: 50
Waiting clients: 
Queue 1:  closed
Queue 2:  closed
Queue 3:  closed
Queue 4:  closed
Queue 5:  closed

Time: 51
Waiting clients: 
Queue 1:  closed
Queue 2:  closed
Queue 3:  closed
Queue 4:  closed
Queue 5:  closed

Time: 52
Waiting clients: 
Queue 1:  closed
Queue 2:  closed
Queue 3:  closed
Queue 4:  closed
Queue 5:  closed

Time: 53
Waiting clients: 
Queue 1:  closed
Queue 2:  closed
Queue 3:  closed
Queue 4:  closed
Queue 5:  closed

Time: 54
Waiting clients: 
Queue 1:  closed
Queue 2:  closed
Queue 3:  closed
Queue 4:  closed
Queue 5:  closed

Time: 55
Waiting clients: 
Queue 1:  closed
Queue 2:  closed
Queue 3:  closed
Queue 4:  closed
Queue 5:  closed

Time: 56
Waiting clients: 
Queue 1:  closed
Queue 2:  closed
Queue 3:  closed
Queue 4:  closed
Queue 5:  closed

Time: 57
Waiting clients: 
Queue 1:  closed
Queue 2:  closed
Queue 3:  closed
Queue 4:  closed
Queue 5:  closed

Time: 58
Waiting clients: 
Queue 1:  closed
Queue 2:  closed
Queue 3:  closed
Queue 4:  closed
Queue 5:  closed

Time: 59
Waiting clients: 
Queue 1:  closed
Queue 2:  closed
Queue 3:  closed
Queue 4:  closed
Queue 5:  closed
